4	1	117.569	120.947	114.689	NA	NA	NA	NA	40	40	1	1	2	-56.785	160.236666666667	116.903333333333
4	2	119.887	126.643	114.126	0.63	0.6537	0.6963	0.5	18	22	0.857	0.924	4	-55.944	163.652705882353	117.770352941176
4	3	123.207	133.341	114.565	0.754	0.5803	0.5987	1	2	21	0.568	0.918	6	-55.604	168.708	119.958
26	1	141.002	144.38	138.121	NA	NA	NA	NA	40	40	1	1	2	-68.501	183.668666666667	140.335333333333
26	2	143.766	150.521	138.004	0.517	0.5725	0.6167	0.5	20	20	0.846	0.851	4	-67.883	187.530705882353	141.648352941176
26	3	147.02	157.153	138.378	0.627	0.7671	0.7882	1	8	20	0.735	0.847	6	-67.51	192.52	143.77
30	1	122.068	125.446	119.188	NA	NA	NA	NA	40	40	1	1	2	-59.034	164.734666666667	121.401333333333
30	2	125.561	132.317	119.8	0.452	0.8756	0.8905	1	15	25	0.755	0.888	4	-58.781	169.326705882353	123.444352941176
30	3	128.257	138.39	119.614	0.724	0.2632	0.2857	0.5	2	20	0.852	0.907	6	-58.128	173.756	125.006
40	1	142.275	145.653	139.394	NA	NA	NA	NA	40	40	1	1	2	-69.137	184.940666666667	141.607333333333
40	2	146.23	152.985	140.468	0.599	0.8835	0.8871	1	2	38	0.259	0.976	4	-69.115	189.994705882353	144.112352941176
40	3	149.478	159.612	140.836	0.686	0.5376	0.5548	1	2	32	0.588	0.937	6	-68.739	194.978	146.228
54	1	130.514	133.891	127.633	NA	NA	NA	NA	40	40	1	1	2	-63.257	173.180666666667	129.847333333333
54	2	128.449	135.204	122.687	0.861	0.2989	0.3347	0.0674	11	29	0.91	0.991	4	-60.224	172.212705882353	126.330352941176
54	3	126.271	136.404	117.629	0.932	0.0234	0.0357	0.0404	3	26	0.946	0.979	6	-57.135	171.77	123.02
119	1	165.751	169.129	162.871	NA	NA	NA	NA	40	40	1	1	2	-80.876	208.418666666667	165.085333333333
119	2	164.844	171.599	159.082	0.789	0.1419	0.1841	0.2	15	25	0.914	0.971	4	-78.422	208.608705882353	162.726352941176
119	3	167.547	177.68	158.905	0.81	0.5649	0.5949	0.4286	4	21	0.723	0.975	6	-77.774	213.048	164.298
138	1	153.534	156.911	150.653	NA	NA	NA	NA	40	40	1	1	2	-74.767	196.200666666667	152.867333333333
138	2	157.195	163.951	151.434	0.457	0.9186	0.9273	1	12	28	0.691	0.913	4	-74.598	200.960705882353	155.078352941176
138	3	160.276	170.409	151.633	0.744	0.4465	0.4657	0.5	1	27	0.465	0.947	6	-74.138	205.776	157.026
145	1	154.469	157.847	151.588	NA	NA	NA	NA	40	40	1	1	2	-75.235	197.136666666667	153.803333333333
145	2	146.378	153.133	140.616	0.903	0.003	0.0061	0	18	22	0.971	0.978	4	-69.189	190.142705882353	144.260352941176
145	3	150.034	160.167	141.392	0.744	0.7407	0.7595	1	9	22	0.704	0.987	6	-69.017	195.534	146.784
158	1	148.377	151.755	145.496	NA	NA	NA	NA	40	40	1	1	2	-72.188	191.042666666667	147.709333333333
158	2	147.365	154.12	141.603	0.789	0.0677	0.0944	0.2	12	28	0.902	0.973	4	-69.682	191.128705882353	145.246352941176
158	3	149.516	159.649	140.873	0.799	0.4412	0.4891	0.375	8	20	0.802	0.987	6	-68.758	195.016	146.266
175	1	165.799	169.177	162.919	NA	NA	NA	NA	40	40	1	1	2	-80.9	208.466666666667	165.133333333333
175	2	169.479	176.235	163.718	0.491	0.7445	0.7619	1	3	37	0.304	0.98	4	-80.74	213.244705882353	167.362352941176
175	3	171.935	182.068	163.292	0.752	0.6285	0.6646	0.6667	3	22	0.845	0.918	6	-79.967	217.434	168.684
180	1	165.746	169.124	162.865	NA	NA	NA	NA	40	40	1	1	2	-80.873	208.412666666667	165.079333333333
180	2	163.391	170.146	157.629	0.784	0.0642	0.0913	0.0652	19	21	0.935	0.936	4	-77.695	207.154705882353	161.272352941176
180	3	167.065	177.198	158.423	0.635	0.9478	0.9522	1	11	17	0.665	0.949	6	-77.533	212.566	163.816
196	1	154.31	157.688	151.429	NA	NA	NA	NA	40	40	1	1	2	-75.155	196.976666666667	153.643333333333
196	2	155.256	162.011	149.494	0.664	0.2636	0.3103	0.2857	18	22	0.907	0.908	4	-73.628	199.020705882353	153.138352941176
196	3	157.933	168.066	149.291	0.711	0.4109	0.4472	0.5	6	20	0.774	0.955	6	-72.966	203.432	154.682
212	1	168.532	171.909	165.651	NA	NA	NA	NA	40	40	1	1	2	-82.266	211.198666666667	167.865333333333
212	2	167.485	174.24	161.723	0.722	0.1359	0.1736	0.2	15	25	0.851	0.953	4	-79.742	211.248705882353	165.366352941176
212	3	164.502	174.635	155.86	0.858	0.2177	0.2541	0.05	13	14	0.868	0.993	6	-76.251	210.002	161.252
243	1	176.706	180.084	173.826	NA	NA	NA	NA	40	40	1	1	2	-86.353	219.372666666667	176.039333333333
243	2	164.146	170.902	158.385	0.963	0.0021	0.0041	0	19	21	0.988	0.998	4	-78.073	207.910705882353	162.028352941176
243	3	166.654	176.787	158.011	0.838	0.335	0.375	1	5	19	0.696	0.997	6	-77.327	212.154	163.404
250	1	182.325	185.703	179.444	NA	NA	NA	NA	40	40	1	1	2	-89.163	224.992666666667	181.659333333333
250	2	168.988	175.744	163.226	0.956	0.0412	0.0571	0	18	22	0.981	0.998	4	-80.494	212.752705882353	166.870352941176
250	3	168.741	178.874	160.099	0.976	0.0515	0.0685	0.08	1	21	0.981	1	6	-78.371	214.242	165.492
263	1	182.341	185.718	179.46	NA	NA	NA	NA	40	40	1	1	2	-89.17	225.006666666667	181.673333333333
263	2	170.524	177.279	164.762	0.96	0.0097	0.0163	0	19	21	0.982	0.999	4	-81.262	214.288705882353	168.406352941176
263	3	172.668	182.801	164.025	0.863	0.4579	0.4864	1	4	19	0.671	0.995	6	-80.334	218.168	169.418
281	1	179.198	182.576	176.317	NA	NA	NA	NA	40	40	1	1	2	-87.599	221.864666666667	178.531333333333
281	2	177.936	184.692	172.174	0.84	0.5033	0.5372	0.2	20	20	0.954	0.972	4	-84.968	221.700705882353	175.818352941176
281	3	171.283	181.416	162.64	0.942	0.0061	0.01	0	2	19	0.923	0.978	6	-79.641	216.782	168.032
293	1	175.159	178.536	172.278	NA	NA	NA	NA	40	40	1	1	2	-85.579	217.824666666667	174.491333333333
293	2	168.077	174.833	162.315	0.926	0.0124	0.02	0	19	21	0.984	0.992	4	-80.039	211.842705882353	165.960352941176
293	3	167.762	177.895	159.12	0.881	0.065	0.087	0.1132	7	19	0.864	0.999	6	-77.881	213.262	164.512
323	1	317.722	322.932	316.616	NA	NA	NA	NA	100	100	1	1	2	-156.861	419.972	316.847
323	2	317.387	327.808	315.175	0.592	0.1432	0.1778	0.1765	39	61	0.827	0.916	4	-154.694	420.02629787234	314.70714893617
323	3	321.339	336.97	318.021	0.463	0.9792	0.9804	1	30	38	0.555	0.826	6	-154.67	424.557391304348	316.948695652174
356	1	300.282	305.492	299.176	NA	NA	NA	NA	100	100	1	1	2	-148.141	402.532	299.407
356	2	300.886	311.307	298.674	0.569	0.1647	0.1976	0.2667	27	73	0.731	0.934	4	-146.443	403.52429787234	298.20514893617
356	3	303.819	319.45	300.5	0.607	0.6979	0.7272	0.5	21	53	0.723	0.852	6	-145.909	407.035391304348	299.426695652174
376	1	312.397	317.608	311.291	NA	NA	NA	NA	100	100	1	1	2	-154.199	414.648	311.523
376	2	315.491	325.911	313.278	0.607	0.4315	0.4614	0.6667	7	93	0.366	0.978	4	-153.745	418.12829787234	312.80914893617
376	3	318.574	334.205	315.256	0.606	0.6359	0.6648	1	8	75	0.597	0.928	6	-153.287	421.791391304348	314.182695652174
391	1	293.12	298.33	292.014	NA	NA	NA	NA	100	100	1	1	2	-144.56	395.37	292.245
391	2	294.67	305.091	292.458	0.937	0.0777	0.0933	0.6667	2	98	0.61	0.995	4	-143.335	397.30829787234	291.98914893617
391	3	295.559	311.19	292.241	0.707	0.2412	0.2834	0.6667	3	53	0.831	0.95	6	-141.78	398.777391304348	291.168695652174
401	1	402.583	407.793	401.476	NA	NA	NA	NA	100	100	1	1	2	-199.291	504.832	401.707
401	2	395.021	405.442	392.809	0.744	0.0031	0.0055	0	45	55	0.927	0.941	4	-193.51	497.65829787234	392.33914893617
401	3	397.401	413.032	394.082	0.673	0.4268	0.4648	0.6667	24	40	0.778	0.943	6	-192.7	500.617391304348	393.008695652174
414	1	384.328	389.538	383.222	NA	NA	NA	NA	100	100	1	1	2	-190.164	486.578	383.453
414	2	379.285	389.706	377.073	0.701	0.0166	0.0256	0.0303	46	54	0.893	0.931	4	-185.643	481.92429787234	376.60514893617
414	3	383.137	398.768	379.818	0.565	0.9335	0.9385	0.6667	20	42	0.487	0.918	6	-185.568	486.353391304348	378.744695652174
432	1	387.97	393.18	386.864	NA	NA	NA	NA	100	100	1	1	2	-191.985	490.22	387.095
432	2	379.813	390.234	377.601	0.757	0.0054	0.0093	0	47	53	0.924	0.941	4	-185.906	482.45029787234	377.13114893617
432	3	381.927	397.558	378.608	0.711	0.5033	0.5366	0.6667	25	42	0.8	0.954	6	-184.963	485.143391304348	377.534695652174
447	1	370.39	375.6	369.284	NA	NA	NA	NA	100	100	1	1	2	-183.195	472.64	369.515
447	2	366.835	377.255	364.622	0.668	0.0674	0.0877	0.0404	47	53	0.894	0.909	4	-179.417	469.47229787234	364.15314893617
447	3	366.004	381.635	362.685	0.787	0.1058	0.1305	0.1017	15	47	0.838	0.97	6	-177.002	469.221391304348	361.612695652174
497	1	398.357	403.568	397.251	NA	NA	NA	NA	100	100	1	1	2	-197.179	500.608	397.483
497	2	391.221	401.641	389.008	0.745	0.0494	0.0654	0	43	57	0.905	0.943	4	-191.61	493.85829787234	388.53914893617
497	3	392.775	408.406	389.457	0.845	0.108	0.126	0.6	1	56	0.697	0.953	6	-190.388	495.993391304348	388.384695652174
512	1	424.853	430.063	423.747	NA	NA	NA	NA	100	100	1	1	2	-210.426	527.102	423.977
512	2	412.83	423.25	410.617	0.81	4e-04	9e-04	0	48	52	0.923	0.974	4	-202.415	515.46829787234	410.14914893617
512	3	416.569	432.2	413.25	0.652	0.8571	0.8662	1	25	48	0.67	0.961	6	-202.284	519.785391304348	412.176695652174
528	1	454.458	459.668	453.352	NA	NA	NA	NA	100	100	1	1	2	-225.229	556.708	453.583
528	2	430.518	440.938	428.305	0.883	0	1e-04	0	49	51	0.954	0.983	4	-211.259	533.15629787234	427.83714893617
528	3	433.35	448.981	430.031	0.889	0.2923	0.3204	0.5	1	50	0.355	0.979	6	-210.675	536.567391304348	428.958695652174
545	1	460.474	465.685	459.368	NA	NA	NA	NA	100	100	1	1	2	-228.237	562.724	459.599
545	2	431.749	442.17	429.537	0.895	0	0	0	50	50	0.967	0.978	4	-211.875	534.38829787234	429.06914893617
545	3	434.966	450.597	431.648	0.776	0.6888	0.7141	0.6667	10	46	0.498	0.96	6	-211.483	538.183391304348	430.574695652174
560	1	450.952	456.163	449.846	NA	NA	NA	NA	100	100	1	1	2	-223.476	553.202	450.077
560	2	412.134	422.555	409.922	0.944	0	0	0	50	50	0.984	0.986	4	-202.067	514.77229787234	409.45314893617
560	3	415.881	431.512	412.562	0.808	0.7177	0.7332	1	4	49	0.296	0.979	6	-201.94	519.097391304348	411.488695652174
572	1	440.663	445.874	439.557	NA	NA	NA	NA	100	100	1	1	2	-218.332	542.914	439.789
572	2	414.192	424.613	411.98	0.885	0	0	0	49	51	0.967	0.971	4	-203.096	516.83029787234	411.51114893617
572	3	417.557	433.188	414.239	0.765	0.7554	0.7763	0.6667	11	45	0.518	0.948	6	-202.779	520.775391304348	413.166695652174
574	1	435.197	440.408	434.091	NA	NA	NA	NA	100	100	1	1	2	-215.599	537.448	434.323
574	2	414.158	424.579	411.946	0.849	1e-04	2e-04	0	49	51	0.951	0.963	4	-203.079	516.79629787234	411.47714893617
574	3	414.701	430.332	411.383	0.755	0.411	0.4423	0.2	26	45	0.773	0.967	6	-201.351	517.919391304348	410.310695652174
605	1	885.321	892.729	886.386	NA	NA	NA	NA	300	300	1	1	2	-440.66	1187.40108108108	884.360540540541
605	2	886.136	900.951	888.265	0.554	0.4397	0.4656	1	35	265	0.461	0.959	4	-439.068	1188.34008163265	883.238040816326
605	3	887.081	909.303	890.275	0.718	0.1418	0.1566	1	1	243	0.54	0.941	6	-437.54	1189.46356164384	882.271780821918
608	1	910.816	918.224	911.881	NA	NA	NA	NA	300	300	1	1	2	-453.408	1212.89708108108	909.856540540541
608	2	913.234	928.049	915.364	0.983	0.1725	0.1891	1	1	299	0.522	0.999	4	-452.617	1215.43808163265	910.336040816327
608	3	915.633	937.856	918.828	0.578	0.455	0.4894	1	2	167	0.749	0.799	6	-451.817	1218.01756164384	910.825780821918
625	1	888.727	896.135	889.792	NA	NA	NA	NA	300	300	1	1	2	-442.364	1190.80908108108	887.76854054054
625	2	890.863	905.678	892.992	0.362	0.5165	0.5487	1	120	180	0.734	0.829	4	-441.431	1193.06608163265	887.964040816326
625	3	894.713	916.935	897.907	0.471	0.8957	0.8985	1	19	149	0.406	0.804	6	-441.356	1197.09556164384	889.903780821918
640	1	897.52	904.928	898.585	NA	NA	NA	NA	300	300	1	1	2	-446.76	1199.60108108108	896.560540540541
640	2	892.995	907.81	895.125	0.855	0.0072	0.0105	0	9	291	0.449	0.993	4	-442.498	1195.20008163265	890.098040816326
640	3	896.616	918.839	899.81	0.498	0.6866	0.7029	1	7	199	0.566	0.848	6	-442.308	1198.99956164384	891.807780821918
675	1	958.271	965.679	959.336	NA	NA	NA	NA	300	300	1	1	2	-477.136	1260.35308108108	957.312540540541
675	2	956.626	971.441	958.756	0.653	0.05	0.0611	0.0923	31	269	0.532	0.97	4	-474.313	1258.83008163265	953.728040816326
675	3	957.815	980.037	961.009	0.613	0.5714	0.5958	0.6667	32	181	0.753	0.858	6	-472.907	1260.19756164384	953.005780821918
710	1	1157.954	1165.361	1159.019	NA	NA	NA	NA	300	300	1	1	2	-576.977	1460.03508108108	1156.99454054054
710	2	1130.409	1145.224	1132.538	0.736	0	0	0	142	158	0.922	0.93	4	-561.204	1432.61208163265	1127.51004081633
710	3	1133.2	1155.423	1136.395	0.667	0.4179	0.4449	1	20	152	0.399	0.941	6	-560.6	1435.58356164384	1128.39178082192
725	1	1145.58	1152.988	1146.645	NA	NA	NA	NA	300	300	1	1	2	-570.79	1447.66108108108	1144.62054054054
725	2	1119.62	1134.435	1121.749	0.721	0	0	0	144	156	0.911	0.93	4	-555.81	1421.82408163265	1116.72204081633
725	3	1122.838	1145.061	1126.033	0.604	0.5861	0.6095	1	28	146	0.409	0.929	6	-555.419	1425.22156164384	1118.02978082192
743	1	1174.393	1181.8	1175.458	NA	NA	NA	NA	300	300	1	1	2	-585.196	1476.47308108108	1173.43254054054
743	2	1145.679	1160.494	1147.808	0.738	1e-04	2e-04	0	139	161	0.911	0.938	4	-568.839	1447.88208163265	1142.78004081633
743	3	1145.13	1167.353	1148.324	0.829	0.0308	0.0389	0.1714	3	161	0.467	0.941	6	-566.565	1447.51356164384	1140.32178082192
762	1	1169.958	1177.366	1171.023	NA	NA	NA	NA	300	300	1	1	2	-582.979	1472.03908108108	1168.99854054054
762	2	1154.696	1169.512	1156.826	0.655	1e-04	1e-04	0	124	176	0.87	0.922	4	-573.348	1456.90008163265	1151.79804081633
762	3	1158.668	1180.891	1161.862	0.521	0.9007	0.9033	1	46	178	0.471	0.936	6	-573.334	1461.05156164384	1153.85978082192
781	1	1193.47	1200.877	1194.534	NA	NA	NA	NA	300	300	1	1	2	-594.735	1495.55108108108	1192.51054054054
781	2	1166.958	1181.773	1169.088	0.739	1e-04	1e-04	0	148	152	0.924	0.927	4	-579.479	1469.16208163265	1164.06004081633
781	3	1167.574	1189.797	1170.768	0.829	0.0624	0.0738	1	3	150	0.516	0.937	6	-577.787	1469.95756164384	1162.76578082192
798	1	1144.483	1151.891	1145.548	NA	NA	NA	NA	300	300	1	1	2	-570.242	1446.56508108108	1143.52454054054
798	2	1130.458	1145.273	1132.587	0.642	0.0061	0.0089	0	137	163	0.873	0.913	4	-561.229	1432.66208163265	1127.56004081633
798	3	1129.618	1151.841	1132.812	0.789	0.02	0.0257	0.1622	3	166	0.584	0.929	6	-558.809	1432.00156164384	1124.80978082192
836	1	1345.274	1352.682	1346.339	NA	NA	NA	NA	300	300	1	1	2	-670.637	1647.35508108108	1344.31454054054
836	2	1256.299	1271.114	1258.428	0.894	0	0	0	148	152	0.971	0.975	4	-624.149	1558.50208163265	1253.40004081633
836	3	1259.271	1281.493	1262.465	0.774	0.7085	0.7296	1	14	146	0.251	0.972	6	-623.635	1561.65356164384	1254.46178082192
855	1	1299.229	1306.636	1300.294	NA	NA	NA	NA	300	300	1	1	2	-647.614	1601.30908108108	1298.26854054054
855	2	1198.632	1213.447	1200.762	0.915	0	0	0	149	151	0.975	0.978	4	-595.316	1500.83608163265	1195.73404081633
855	3	1200.595	1222.818	1203.79	0.711	0.3052	0.3332	0.6667	73	145	0.73	0.981	6	-594.298	1502.97956164384	1195.78778082192
873	1	1322.978	1330.385	1324.043	NA	NA	NA	NA	300	300	1	1	2	-659.489	1625.05908108108	1322.01854054054
873	2	1240.238	1255.053	1242.368	0.892	0	0	0	149	151	0.969	0.975	4	-616.119	1542.44208163265	1237.34004081633
873	3	1244.23	1266.453	1247.424	0.67	0.9518	0.9527	1	0	151	0	0.981	6	-616.115	1546.61356164384	1239.42178082192
893	1	1313.556	1320.964	1314.621	NA	NA	NA	NA	300	300	1	1	2	-654.778	1615.63708108108	1312.59654054054
893	2	1190.729	1205.544	1192.858	0.939	0	0	0	147	153	0.983	0.983	4	-591.364	1492.93208163265	1187.83004081633
893	3	1194.443	1216.666	1197.637	0.696	0.8235	0.8344	1	21	146	0.254	0.984	6	-591.221	1496.82556164384	1189.63378082192
910	1	96.351	99.729	93.471	NA	NA	NA	NA	40	40	1	1	2	-46.176	139.018666666667	95.6853333333333
910	2	96.133	102.889	90.372	0.778	0.199	0.2382	0.2	8	32	0.796	0.985	4	-44.067	139.898705882353	94.0163529411765
910	3	99.096	109.229	90.454	0.823	0.3623	0.3939	1	1	31	0.428	0.988	6	-43.548	144.596	95.846
928	1	100.984	104.361	98.103	NA	NA	NA	NA	40	40	1	1	2	-48.492	143.650666666667	100.317333333333
928	2	102.554	109.309	96.792	0.645	0.3368	0.377	0.3077	9	31	0.743	0.946	4	-47.277	146.318705882353	100.436352941176
928	3	105.525	115.658	96.883	0.698	0.4431	0.4733	0.375	3	21	0.781	0.886	6	-46.762	151.024	102.274
940	1	101.787	105.165	98.907	NA	NA	NA	NA	40	40	1	1	2	-48.894	144.454666666667	101.121333333333
940	2	103.954	110.71	98.193	0.618	0.4032	0.4542	0.5	15	25	0.878	0.899	4	-47.977	147.718705882353	101.836352941176
940	3	107.294	117.427	98.652	0.677	0.8043	0.8242	0.5	8	21	0.789	0.879	6	-47.647	152.794	104.044
956	1	93.713	97.091	90.832	NA	NA	NA	NA	40	40	1	1	2	-44.856	136.378666666667	93.0453333333333
956	2	95.933	102.688	90.171	0.563	0.5789	0.6101	0.5	10	30	0.692	0.934	4	-43.966	139.696705882353	93.8143529411765
956	3	97.484	107.617	88.842	0.762	0.162	0.1871	0.2857	2	20	0.7	0.918	6	-42.742	142.984	94.234
974	1	99.407	102.785	96.527	NA	NA	NA	NA	40	40	1	1	2	-47.704	142.074666666667	98.7413333333333
974	2	102.214	108.97	96.453	0.604	0.416	0.4509	0.5	6	34	0.592	0.956	4	-47.107	145.978705882353	100.096352941176
974	3	101.306	111.439	92.664	0.834	0.4957	0.542	0.2	5	21	0.864	0.944	6	-44.653	146.806	98.056
991	1	99.241	102.619	96.36	NA	NA	NA	NA	40	40	1	1	2	-47.62	141.906666666667	98.5733333333333
991	2	101.27	108.025	95.508	0.666	0.5983	0.6376	0.5	14	26	0.851	0.946	4	-46.635	145.034705882353	99.1523529411765
991	3	102.112	112.245	93.469	0.865	0.0777	0.0993	0.1818	2	24	0.891	0.959	6	-45.056	147.612	98.862
1015	1	157.137	160.515	154.256	NA	NA	NA	NA	40	40	1	1	2	-76.568	199.802666666667	156.469333333333
1015	2	139.35	146.106	133.589	0.988	0.002	0.0039	0	19	21	0.998	0.999	4	-65.675	183.114705882353	137.232352941176
1015	3	137.307	147.44	128.665	0.932	0.0546	0.0751	0	5	19	0.862	1	6	-62.653	182.806	134.056
1027	1	148.86	152.238	145.979	NA	NA	NA	NA	40	40	1	1	2	-72.43	191.526666666667	148.193333333333
1027	2	146.038	152.793	140.276	0.819	0.0347	0.0528	0.05	18	22	0.925	0.984	4	-69.019	189.802705882353	143.920352941176
1027	3	149.263	159.397	140.621	0.77	0.7409	0.7623	0.3333	10	18	0.83	0.987	6	-68.632	194.764	146.014
1058	1	142.849	146.226	139.968	NA	NA	NA	NA	40	40	1	1	2	-69.424	185.514666666667	142.181333333333
1058	2	130.453	137.209	124.692	0.903	0.0046	0.0082	0	19	21	0.937	0.998	4	-61.227	174.218705882353	128.336352941176
1058	3	124.968	135.101	116.326	0.943	0.0158	0.0253	0	9	19	0.939	1	6	-56.484	170.468	121.718
1084	1	152.852	156.229	149.971	NA	NA	NA	NA	40	40	1	1	2	-74.426	195.518666666667	152.185333333333
1084	2	131.945	138.701	126.184	0.992	0.0088	0.0145	0	20	20	0.999	0.999	4	-61.973	175.710705882353	129.828352941176
1084	3	132.245	142.379	123.603	0.992	0.0638	0.0813	0.1034	1	20	0.962	1	6	-60.123	177.746	128.996
1104	1	173.912	177.29	171.032	NA	NA	NA	NA	40	40	1	1	2	-84.956	216.578666666667	173.245333333333
1104	2	147.707	154.463	141.946	0.995	0	0	0	20	20	0.999	1	4	-69.854	191.472705882353	145.590352941176
1104	3	150.738	160.871	142.095	0.808	0.5108	0.5422	1	8	20	0.762	1	6	-69.369	196.238	147.488
1115	1	176.924	180.301	174.043	NA	NA	NA	NA	40	40	1	1	2	-86.462	219.590666666667	176.257333333333
1115	2	162.366	169.122	156.605	0.949	8e-04	0.0018	0	20	20	0.989	0.992	4	-77.183	206.130705882353	160.248352941176
1115	3	166.102	176.235	157.459	0.918	0.6031	0.621	1	1	20	0.6	0.994	6	-77.051	211.602	162.852
1132	1	181.244	184.621	178.363	NA	NA	NA	NA	40	40	1	1	2	-88.622	223.910666666667	180.577333333333
1132	2	150.246	157.001	144.484	0.983	1e-04	3e-04	0	20	20	0.992	1	4	-71.123	194.010705882353	148.128352941176
1132	3	151.113	161.247	142.471	0.933	0.0752	0.0987	0.1923	2	20	0.641	1	6	-69.557	196.614	147.864
1152	1	176.687	180.065	173.807	NA	NA	NA	NA	40	40	1	1	2	-86.344	219.354666666667	176.021333333333
1152	2	148.696	155.452	142.935	0.972	9e-04	0.002	0	20	20	0.983	1	4	-70.348	192.460705882353	146.578352941176
1152	3	147.442	157.575	138.8	0.913	0.3623	0.4023	0.06	4	20	0.768	1	6	-67.721	192.942	144.192
1187	1	179.578	182.956	176.697	NA	NA	NA	NA	40	40	1	1	2	-87.789	222.244666666667	178.911333333333
1187	2	150.398	157.154	144.637	0.977	0.0038	0.0069	0	19	21	0.985	1	4	-71.199	194.162705882353	148.280352941176
1187	3	150.874	161.008	142.232	0.944	0.2152	0.2456	0.1538	2	19	0.746	0.996	6	-69.437	196.374	147.624
1216	1	268.796	274.006	267.689	NA	NA	NA	NA	100	100	1	1	2	-132.398	371.046	267.921
1216	2	270.111	280.531	267.898	0.675	0.1643	0.1922	0.6667	10	90	0.541	0.977	4	-131.055	372.74829787234	267.42914893617
1216	3	273.208	288.839	269.89	0.603	0.7042	0.7306	0.6667	10	66	0.683	0.892	6	-130.604	376.425391304348	268.816695652174
1226	1	247.357	252.567	246.251	NA	NA	NA	NA	100	100	1	1	2	-121.679	349.608	246.483
1226	2	247.333	257.754	245.121	0.619	0.3068	0.3369	0.2143	18	82	0.654	0.949	4	-119.667	349.97229787234	244.65314893617
1226	3	250.19	265.821	246.871	0.678	0.3205	0.3386	0.6667	1	70	0.353	0.931	6	-119.095	353.407391304348	245.798695652174
1247	1	269.628	274.839	268.522	NA	NA	NA	NA	100	100	1	1	2	-132.814	371.878	268.753
1247	2	270.884	281.304	268.671	0.82	0.1046	0.1261	0.6667	5	95	0.55	0.986	4	-131.442	373.52229787234	268.20314893617
1247	3	271.739	287.37	268.421	0.715	0.2969	0.3425	0.3333	5	49	0.863	0.877	6	-129.87	374.957391304348	267.348695652174
1261	1	248.024	253.234	246.918	NA	NA	NA	NA	100	100	1	1	2	-122.012	350.274	247.149
1261	2	250.606	261.027	248.394	0.427	0.5232	0.5632	0.6667	46	54	0.797	0.829	4	-121.303	353.24429787234	247.92514893617
1261	3	253.478	269.109	250.16	0.611	0.6053	0.6354	0.4286	13	49	0.682	0.882	6	-120.739	356.695391304348	249.086695652174
1276	1	249.9	255.11	248.794	NA	NA	NA	NA	100	100	1	1	2	-122.95	352.15	249.025
1276	2	253.193	263.614	250.981	0.331	0.7676	0.7863	1	42	58	0.717	0.825	4	-122.597	355.83229787234	250.51314893617
1276	3	252.923	268.554	249.604	0.726	0.1305	0.1532	0.2083	10	62	0.749	0.924	6	-120.461	356.139391304348	248.530695652174
1294	1	270.718	275.928	269.612	NA	NA	NA	NA	100	100	1	1	2	-133.359	372.968	269.843
1294	2	266.061	276.482	263.849	0.714	0.0246	0.0348	0.0303	27	73	0.849	0.939	4	-129.031	368.70029787234	263.38114893617
1294	3	269.433	285.064	266.115	0.795	0.4512	0.4753	0.6667	1	72	0.369	0.941	6	-128.717	372.651391304348	265.042695652174
1321	1	386.989	392.199	385.882	NA	NA	NA	NA	100	100	1	1	2	-191.494	489.238	386.113
1321	2	353.342	363.762	351.129	0.944	0.0099	0.0145	0	50	50	0.986	0.989	4	-172.671	455.98029787234	350.66114893617
1321	3	347.164	362.795	343.845	0.951	0.0201	0.0275	0	3	50	0.793	0.996	6	-167.582	450.381391304348	342.772695652174
1337	1	370.06	375.271	368.954	NA	NA	NA	NA	100	100	1	1	2	-183.03	472.31	369.185
1337	2	352.744	363.165	350.532	0.869	0.0063	0.0097	0	45	55	0.947	0.986	4	-172.372	455.38229787234	350.06314893617
1337	3	344.589	360.22	341.27	0.877	0.0048	0.0079	0	12	45	0.8	0.992	6	-166.294	447.805391304348	340.196695652174
1351	1	383.378	388.588	382.272	NA	NA	NA	NA	100	100	1	1	2	-189.689	485.628	382.503
1351	2	339.179	349.6	336.967	0.955	0	0	0	49	51	0.985	0.991	4	-165.589	441.81629787234	336.49714893617
1351	3	342.166	357.797	338.848	0.963	0.2773	0.3033	0.6667	1	50	0.841	0.993	6	-165.083	445.383391304348	337.774695652174
1366	1	379.01	384.22	377.904	NA	NA	NA	NA	100	100	1	1	2	-187.505	481.26	378.135
1366	2	368.849	379.27	366.637	0.864	0.2581	0.2849	0	49	51	0.957	0.985	4	-180.424	471.48629787234	366.16714893617
1366	3	348.072	363.703	344.754	0.955	0.0073	0.0108	0	8	49	0.92	0.995	6	-168.036	451.289391304348	343.680695652174
1379	1	365.696	370.906	364.59	NA	NA	NA	NA	100	100	1	1	2	-180.848	467.946	364.821
1379	2	338.634	349.055	336.422	0.908	0	0	0	49	51	0.971	0.982	4	-165.317	441.27229787234	335.95314893617
1379	3	342.046	357.677	338.728	0.879	0.4835	0.5079	1	2	50	0.4	0.978	6	-165.023	445.263391304348	337.654695652174
1392	1	359.082	364.292	357.976	NA	NA	NA	NA	100	100	1	1	2	-177.541	461.332	358.207
1392	2	330.496	340.916	328.283	0.918	1e-04	2e-04	0	44	56	0.972	0.988	4	-161.248	433.13429787234	327.81514893617
1392	3	328.334	343.965	325.016	0.842	0.0523	0.0687	0.087	14	43	0.769	0.989	6	-158.167	431.551391304348	323.942695652174
1425	1	439.455	444.666	438.349	NA	NA	NA	NA	100	100	1	1	2	-217.728	541.706	438.581
1425	2	363.363	373.784	361.151	0.988	0	0	0	49	51	0.995	0.999	4	-177.682	466.00229787234	360.68314893617
1425	3	363.51	379.141	360.191	0.901	0.1096	0.1326	0.2857	7	49	0.682	0.998	6	-175.755	466.727391304348	359.118695652174
1445	1	440.437	445.647	439.331	NA	NA	NA	NA	100	100	1	1	2	-218.218	542.686	439.561
1445	2	338.571	348.992	336.359	0.995	0	0	0	50	50	0.998	1	4	-165.285	441.20829787234	335.88914893617
1445	3	341.021	356.652	337.702	0.869	0.3281	0.3612	0.375	5	50	0.461	0.999	6	-164.51	444.237391304348	336.628695652174
1466	1	426.722	431.932	425.616	NA	NA	NA	NA	100	100	1	1	2	-211.361	528.972	425.847
1466	2	338.372	348.793	336.16	0.992	0	0	0	50	50	0.997	1	4	-165.186	441.01029787234	335.69114893617
1466	3	338.878	354.509	335.559	0.858	0.1503	0.1803	0.1714	10	50	0.637	1	6	-163.439	442.095391304348	334.486695652174
1482	1	426.799	432.01	425.693	NA	NA	NA	NA	100	100	1	1	2	-211.4	529.05	425.925
1482	2	343.315	353.735	341.102	0.996	0	0	0	50	50	0.999	1	4	-167.657	445.95229787234	340.63314893617
1482	3	346.33	361.961	343.011	0.955	0.3622	0.3882	0.5	1	50	0.374	1	6	-167.165	449.547391304348	341.938695652174
1497	1	428.761	433.972	427.655	NA	NA	NA	NA	100	100	1	1	2	-212.381	531.012	427.887
1497	2	345.364	355.785	343.152	0.989	0	0	0	50	50	0.998	0.998	4	-168.682	448.00229787234	342.68314893617
1497	3	348.533	364.164	345.214	0.913	0.5025	0.5258	0.6667	2	50	0.359	0.999	6	-168.266	451.749391304348	344.140695652174
1518	1	752.555	759.963	753.62	NA	NA	NA	NA	300	300	1	1	2	-374.278	1054.63708108108	751.596540540541
1518	2	753.08	767.896	755.21	0.489	0.1235	0.1445	1	59	241	0.587	0.933	4	-372.54	1055.28408163265	750.182040816327
1518	3	753.895	776.117	757.089	0.616	0.2407	0.2737	1	51	196	0.655	0.892	6	-370.947	1056.27756164384	749.085780821918
1526	1	741.278	748.686	742.343	NA	NA	NA	NA	300	300	1	1	2	-368.639	1043.35908108108	740.318540540541
1526	2	737.111	751.926	739.241	0.533	0.0171	0.0242	0	93	207	0.743	0.918	4	-364.556	1039.31608163265	734.214040816326
1526	3	740.826	763.049	744.02	0.525	0.7781	0.7895	1	21	167	0.452	0.874	6	-364.413	1043.20956164384	736.017780821918
1550	1	756.388	763.795	757.452	NA	NA	NA	NA	300	300	1	1	2	-376.194	1058.46908108108	755.428540540541
1550	2	759.706	774.522	761.836	0.273	0.7846	0.8028	1	104	196	0.618	0.838	4	-375.853	1061.91008163265	756.808040816327
1550	3	763.524	785.747	766.718	0.447	0.9727	0.9738	1	29	175	0.482	0.795	6	-375.762	1065.90756164384	758.715780821918
1565	1	750.886	758.294	751.951	NA	NA	NA	NA	300	300	1	1	2	-373.443	1052.96708108108	749.92654054054
1565	2	751.207	766.022	753.336	0.43	0.1234	0.1458	1	81	219	0.643	0.902	4	-371.603	1053.41008163265	748.308040816327
1565	3	752.565	774.787	755.759	0.595	0.3782	0.415	0.6667	40	170	0.707	0.864	6	-370.282	1054.94756164384	747.755780821918
1577	1	776.738	784.145	777.802	NA	NA	NA	NA	300	300	1	1	2	-386.369	1078.81908108108	775.778540540541
1577	2	776.895	791.71	779.025	0.851	0.0622	0.0762	1	7	293	0.362	0.992	4	-384.448	1079.10008163265	773.998040816326
1577	3	778.95	801.173	782.145	0.611	0.7169	0.7427	1	15	197	0.62	0.887	6	-383.475	1081.33356164384	774.141780821918
1590	1	779.612	787.019	780.676	NA	NA	NA	NA	300	300	1	1	2	-387.806	1081.69308108108	778.65254054054
1590	2	782.579	797.394	784.709	0.99	0.2645	0.2823	1	1	299	0.729	0.999	4	-387.29	1084.78408163265	779.682040816327
1590	3	783.951	806.174	787.145	0.609	0.2843	0.3166	1	1	155	0.79	0.806	6	-385.976	1086.33556164384	779.143780821918
1603	1	1107.47	1114.877	1108.535	NA	NA	NA	NA	300	300	1	1	2	-551.735	1409.55108108108	1106.51054054054
1603	2	971.235	986.05	973.365	0.94	0	0	0	146	154	0.982	0.984	4	-481.618	1273.44008163265	968.338040816326
1603	3	973.607	995.829	976.801	0.855	0.428	0.4582	1	13	148	0.377	0.981	6	-480.803	1275.98956164384	968.797780821918
1613	1	1107.189	1114.597	1108.254	NA	NA	NA	NA	300	300	1	1	2	-551.595	1409.27108108108	1106.23054054054
1613	2	1023.238	1038.053	1025.367	0.885	0	0	0	146	154	0.969	0.972	4	-507.619	1325.44208163265	1020.34004081633
1613	3	1020.84	1043.062	1024.034	0.733	0.0648	0.0808	0.0505	65	141	0.747	0.979	6	-504.42	1323.22356164384	1016.03178082192
1644	1	1128.081	1135.489	1129.146	NA	NA	NA	NA	300	300	1	1	2	-562.041	1430.16308108108	1127.12254054054
1644	2	1046.854	1061.669	1048.983	0.899	0	0	0	142	158	0.97	0.978	4	-519.427	1349.05808163265	1043.95604081633
1644	3	1033.478	1055.7	1036.672	0.862	0.001	0.0016	0	24	138	0.699	0.978	6	-510.739	1335.86156164384	1028.66978082192
1655	1	1099.989	1107.397	1101.054	NA	NA	NA	NA	300	300	1	1	2	-547.995	1402.07108108108	1099.03054054054
1655	2	997.814	1012.629	999.943	0.921	0	0	0	144	156	0.979	0.98	4	-494.907	1300.01808163265	994.916040816326
1655	3	1000.092	1022.315	1003.286	0.906	0.2073	0.23	1	2	155	0.24	0.98	6	-494.046	1302.47556164384	995.283780821918
1668	1	1110.109	1117.517	1111.174	NA	NA	NA	NA	300	300	1	1	2	-553.055	1412.19108108108	1109.15054054054
1668	2	1042.988	1057.803	1045.118	0.861	0	0	0	143	157	0.96	0.965	4	-517.494	1345.19208163265	1040.09004081633
1668	3	1038.035	1060.258	1041.229	0.807	0.0068	0.0101	0.0128	26	139	0.651	0.974	6	-513.018	1340.41956164384	1033.22778082192
1699	1	1115.53	1122.937	1116.594	NA	NA	NA	NA	300	300	1	1	2	-555.765	1417.61108108108	1114.57054054054
1699	2	1032.578	1047.393	1034.707	0.887	0	0	0	143	157	0.961	0.976	4	-512.289	1334.78208163265	1029.68004081633
1699	3	1024.455	1046.678	1027.649	0.786	0.0031	0.0048	0	55	138	0.765	0.981	6	-506.228	1326.83956164384	1019.64778082192
1709	1	1280.929	1288.336	1281.993	NA	NA	NA	NA	300	300	1	1	2	-638.464	1583.00908108108	1279.96854054054
1709	2	1070.547	1085.363	1072.677	0.99	0	0	0	150	150	0.996	1	4	-531.274	1372.75208163265	1067.65004081633
1709	3	1069.008	1091.23	1072.202	0.948	0.0195	0.0252	0.1071	5	150	0.488	1	6	-528.504	1371.39156164384	1064.19978082192
1729	1	1285.375	1292.782	1286.439	NA	NA	NA	NA	300	300	1	1	2	-640.687	1587.45508108108	1284.41454054054
1729	2	1060.461	1075.277	1062.591	0.992	0	0	0	149	151	0.998	1	4	-526.231	1362.66608163265	1057.56404081633
1729	3	1052.65	1074.873	1055.845	0.928	0.014	0.0186	0	19	149	0.781	1	6	-520.325	1355.03356164384	1047.84178082192
1759	1	1282.812	1290.219	1283.877	NA	NA	NA	NA	300	300	1	1	2	-639.406	1584.89308108108	1281.85254054054
1759	2	1036.295	1051.11	1038.424	0.991	0	0	0	150	150	0.995	1	4	-514.147	1338.49808163265	1033.39604081633
1759	3	1039.776	1061.999	1042.97	0.917	0.5174	0.5371	0.6667	3	150	0.162	0.997	6	-513.888	1342.15956164384	1034.96778082192
1768	1	1279.631	1287.039	1280.696	NA	NA	NA	NA	300	300	1	1	2	-637.816	1581.71308108108	1278.67254054054
1768	2	1069.482	1084.297	1071.611	0.987	0	0	0	150	150	0.996	0.997	4	-530.741	1371.68608163265	1066.58404081633
1768	3	1072.581	1094.804	1075.776	0.924	0.3831	0.4049	0.6667	2	150	0.158	0.997	6	-530.291	1374.96556164384	1067.77378082192
1770	1	1289.578	1296.986	1290.643	NA	NA	NA	NA	300	300	1	1	2	-642.789	1591.65908108108	1288.61854054054
1770	2	1052.19	1067.006	1054.32	0.991	0	0	0	149	151	0.998	0.999	4	-522.095	1354.39408163265	1049.29204081633
1770	3	1053.324	1075.547	1056.518	0.772	0.1662	0.1912	0.1304	36	149	0.51	1	6	-520.662	1355.70756164384	1048.51578082192
1797	1	1298.216	1305.624	1299.281	NA	NA	NA	NA	300	300	1	1	2	-647.108	1600.29708108108	1297.25654054054
1797	2	1056.69	1071.505	1058.82	0.988	0	0	0	148	152	0.995	0.999	4	-524.345	1358.89408163265	1053.79204081633
1797	3	1058.712	1080.935	1061.906	0.821	0.2651	0.2927	0.3333	15	148	0.337	0.996	6	-523.356	1361.09556164384	1053.90378082192
1799	1	1280.911	1288.318	1281.975	NA	NA	NA	NA	300	300	1	1	2	-638.455	1582.99108108108	1279.95054054054
1799	2	1005.842	1020.657	1007.971	0.994	0	0	0	149	151	0.998	1	4	-498.921	1308.04608163265	1002.94404081633
1799	3	1004.567	1026.79	1007.761	0.995	0.0198	0.025	0.1071	1	150	0.894	1	6	-496.284	1306.95156164384	999.759780821918
1829	1	147.654	151.032	144.773	NA	NA	NA	NA	40	40	1	1	2	-71.827	190.320666666667	146.987333333333
1829	2	144.964	151.72	139.203	0.719	0.0639	0.0883	0.05	15	25	0.792	0.99	4	-68.482	188.728705882353	142.846352941176
1829	3	140.943	151.076	132.3	0.856	0.0259	0.0362	0.02	9	16	0.806	0.998	6	-64.471	186.442	137.692
1878	1	130.902	134.28	128.022	NA	NA	NA	NA	40	40	1	1	2	-63.451	173.568666666667	130.235333333333
1878	2	128.318	135.074	122.557	0.826	0.0406	0.0601	0.05	12	28	0.936	0.979	4	-60.159	172.082705882353	126.200352941176
1878	3	130.227	140.36	121.584	0.854	0.5956	0.6328	1	11	17	0.882	0.999	6	-59.113	175.726	126.976
1912	1	147.654	151.032	144.773	NA	NA	NA	NA	40	40	1	1	2	-71.827	190.320666666667	146.987333333333
1912	2	144.964	151.72	139.203	0.719	0.0639	0.0883	0.05	15	25	0.792	0.99	4	-68.482	188.728705882353	142.846352941176
1912	3	140.943	151.076	132.3	0.856	0.0259	0.0362	0.02	9	16	0.806	0.998	6	-64.471	186.442	137.692
1954	1	147.145	150.523	144.264	NA	NA	NA	NA	40	40	1	1	2	-71.572	189.810666666667	146.477333333333
1954	2	142.027	148.782	136.265	0.787	0.0266	0.0407	0.0128	17	23	0.834	0.994	4	-67.013	185.790705882353	139.908352941176
1954	3	141.851	151.984	133.208	0.837	0.0525	0.0676	0.2	7	17	0.777	0.993	6	-64.925	187.35	138.6
1992	1	139.194	142.571	136.313	NA	NA	NA	NA	40	40	1	1	2	-67.597	181.860666666667	138.527333333333
1992	2	127.532	134.288	121.77	0.91	7e-04	0.0019	0	18	22	0.945	0.999	4	-59.766	171.296705882353	125.414352941176
1992	3	131.279	141.413	122.637	0.846	0.5467	0.58	1	4	18	0.778	0.979	6	-59.64	176.78	128.03
2006	1	147.654	151.032	144.773	NA	NA	NA	NA	40	40	1	1	2	-71.827	190.320666666667	146.987333333333
2006	2	144.964	151.72	139.203	0.719	0.0639	0.0883	0.05	15	25	0.792	0.99	4	-68.482	188.728705882353	142.846352941176
2006	3	140.943	151.076	132.3	0.856	0.0259	0.0362	0.02	9	16	0.806	0.998	6	-64.471	186.442	137.692
2051	1	130.956	134.334	128.075	NA	NA	NA	NA	40	40	1	1	2	-63.478	173.622666666667	130.289333333333
2051	2	130.483	137.239	124.722	0.755	0.1653	0.2081	0.2	17	23	0.922	0.968	4	-61.242	174.248705882353	128.366352941176
2051	3	132.702	142.835	124.059	0.809	0.3386	0.378	0.5	11	17	0.845	0.996	6	-60.351	178.202	129.452
2065	1	127.056	130.434	124.175	NA	NA	NA	NA	40	40	1	1	2	-61.528	169.722666666667	126.389333333333
2065	2	125.522	132.278	119.761	0.767	0.0636	0.0895	0.1463	10	30	0.82	0.99	4	-58.761	169.286705882353	123.404352941176
2065	3	128.528	138.661	119.885	0.829	0.7022	0.7315	1	9	21	0.859	0.987	6	-58.264	174.028	125.278
2078	1	125.449	128.826	122.568	NA	NA	NA	NA	40	40	1	1	2	-60.724	168.114666666667	124.781333333333
2078	2	125.33	132.086	119.569	0.774	0.1587	0.1964	0.2	12	28	0.939	0.95	4	-58.665	169.094705882353	123.212352941176
2078	3	125.808	135.941	117.166	0.896	0.6105	0.6479	0.1765	12	15	0.932	1	6	-56.904	171.308	122.558
2106	1	306.02	311.23	304.914	NA	NA	NA	NA	100	100	1	1	2	-151.01	408.27	305.145
2106	2	306.446	316.867	304.234	0.566	0.3196	0.3562	0.25	46	54	0.854	0.921	4	-149.223	409.08429787234	303.76514893617
2106	3	305.151	320.782	301.833	0.797	0.0523	0.0646	0.0789	21	46	0.84	0.994	6	-146.576	408.369391304348	300.760695652174
2138	1	284.484	289.694	283.378	NA	NA	NA	NA	100	100	1	1	2	-140.242	386.734	283.609
2138	2	287.927	298.347	285.714	0.339	0.6654	0.691	1	24	76	0.545	0.921	4	-139.963	390.56429787234	285.24514893617
2138	3	281.17	296.801	277.852	0.955	0.4518	0.4825	0	24	40	0.978	0.999	6	-134.585	384.387391304348	276.778695652174
2154	1	294.32	299.53	293.213	NA	NA	NA	NA	100	100	1	1	2	-145.16	396.57	293.445
2154	2	298.008	308.429	295.796	0.263	0.8012	0.8181	1	31	69	0.569	0.887	4	-145.004	400.64629787234	295.32714893617
2154	3	294.487	310.118	291.169	0.907	0.4555	0.4895	0.0404	28	41	0.946	0.998	6	-141.244	397.705391304348	290.096695652174
2181	1	284.484	289.694	283.378	NA	NA	NA	NA	100	100	1	1	2	-140.242	386.734	283.609
2181	2	287.927	298.347	285.714	0.339	0.6654	0.691	1	24	76	0.545	0.921	4	-139.963	390.56429787234	285.24514893617
2181	3	281.17	296.801	277.852	0.955	0.4518	0.4825	0	24	40	0.978	0.999	6	-134.585	384.387391304348	276.778695652174
2197	1	324.05	329.261	322.944	NA	NA	NA	NA	100	100	1	1	2	-160.025	426.3	323.175
2197	2	322.745	333.166	320.533	0.65	0.0338	0.0466	0.0779	23	77	0.78	0.955	4	-157.373	425.38429787234	320.06514893617
2197	3	316.803	332.434	313.484	0.803	0.0084	0.013	0	23	44	0.8	0.996	6	-152.401	420.019391304348	312.410695652174
2227	1	331.297	336.507	330.19	NA	NA	NA	NA	100	100	1	1	2	-163.648	433.546	330.421
2227	2	315.497	325.918	313.285	0.797	1e-04	2e-04	0	39	61	0.82	0.996	4	-153.749	418.13629787234	312.81714893617
2227	3	317.954	333.585	314.636	0.786	0.2184	0.2436	0.6667	17	44	0.791	0.968	6	-152.977	421.171391304348	313.562695652174
2234	1	299.575	304.785	298.469	NA	NA	NA	NA	100	100	1	1	2	-147.787	401.824	298.699
2234	2	302.496	312.917	300.283	0.484	0.4938	0.5266	0.6667	26	74	0.71	0.896	4	-147.248	405.13429787234	299.81514893617
2234	3	299.017	314.648	295.699	0.869	0.3597	0.396	0.03	26	41	0.913	0.997	6	-143.509	402.235391304348	294.626695652174
2264	1	354.113	359.324	353.007	NA	NA	NA	NA	100	100	1	1	2	-175.057	456.364	353.239
2264	2	320.085	330.506	317.873	0.905	0	0	0	47	53	0.95	0.998	4	-156.043	422.72429787234	317.40514893617
2264	3	321.922	337.553	318.604	0.843	0.0762	0.0917	0.6667	11	47	0.768	0.99	6	-154.961	425.139391304348	317.530695652174
2274	1	331.297	336.507	330.19	NA	NA	NA	NA	100	100	1	1	2	-163.648	433.546	330.421
2274	2	315.497	325.918	313.285	0.797	1e-04	2e-04	0	39	61	0.82	0.996	4	-153.749	418.13629787234	312.81714893617
2274	3	317.954	333.585	314.636	0.786	0.2184	0.2436	0.6667	17	44	0.791	0.968	6	-152.977	421.171391304348	313.562695652174
2285	1	297.355	302.565	296.249	NA	NA	NA	NA	100	100	1	1	2	-146.678	399.606	296.481
2285	2	296.966	307.387	294.754	0.599	0.1255	0.1563	0.1333	37	63	0.819	0.953	4	-144.483	399.60429787234	294.28514893617
2285	3	293.594	309.225	290.276	0.932	0.4307	0.4588	0.0404	30	37	0.962	0.999	6	-140.797	396.811391304348	289.202695652174
2319	1	331.297	336.507	330.19	NA	NA	NA	NA	100	100	1	1	2	-163.648	433.546	330.421
2319	2	315.497	325.918	313.285	0.797	1e-04	2e-04	0	39	61	0.82	0.996	4	-153.749	418.13629787234	312.81714893617
2319	3	317.954	333.585	314.636	0.786	0.2184	0.2436	0.6667	17	44	0.791	0.968	6	-152.977	421.171391304348	313.562695652174
2327	1	252.96	258.17	251.853	NA	NA	NA	NA	100	100	1	1	2	-124.48	355.21	252.085
2327	2	256.637	267.058	254.425	0.858	0.5694	0.5878	1	2	98	0.341	0.991	4	-124.319	359.27629787234	253.95714893617
2327	3	234.548	250.179	231.229	0.992	0.37	0.3984	0	14	48	0.997	1	6	-111.274	337.765391304348	230.156695652174
2335	1	324.05	329.261	322.944	NA	NA	NA	NA	100	100	1	1	2	-160.025	426.3	323.175
2335	2	322.745	333.166	320.533	0.65	0.0338	0.0466	0.0779	23	77	0.78	0.955	4	-157.373	425.38429787234	320.06514893617
2335	3	316.803	332.434	313.484	0.803	0.0084	0.013	0	23	44	0.8	0.996	6	-152.401	420.019391304348	312.410695652174
2364	1	330.471	335.682	329.365	NA	NA	NA	NA	100	100	1	1	2	-163.236	432.722	329.597
2364	2	326.32	336.74	324.107	0.693	0.0548	0.0722	0.0303	41	59	0.892	0.955	4	-159.16	428.95829787234	323.63914893617
2364	3	320.993	336.624	317.675	0.808	0.0065	0.0099	0.02	29	41	0.817	0.997	6	-154.497	424.211391304348	316.602695652174
2412	1	962.236	969.644	963.301	NA	NA	NA	NA	300	300	1	1	2	-479.118	1264.31708108108	961.276540540541
2412	2	900.135	914.95	902.265	0.815	0	0	0	130	170	0.868	0.996	4	-446.068	1202.34008163265	897.238040816326
2412	3	898.018	920.241	901.212	0.847	0.1707	0.1894	0.051	50	130	0.864	0.984	6	-443.009	1200.40156164384	893.209780821918
2454	1	962.236	969.644	963.301	NA	NA	NA	NA	300	300	1	1	2	-479.118	1264.31708108108	961.276540540541
2454	2	900.135	914.95	902.265	0.815	0	0	0	130	170	0.868	0.996	4	-446.068	1202.34008163265	897.238040816326
2454	3	898.018	920.241	901.212	0.847	0.1707	0.1894	0.051	50	130	0.864	0.984	6	-443.009	1200.40156164384	893.209780821918
2495	1	856.358	863.766	857.423	NA	NA	NA	NA	300	300	1	1	2	-426.179	1158.43908108108	855.39854054054
2495	2	848.824	863.639	850.953	0.56	0.0026	0.0043	0	96	204	0.733	0.966	4	-420.412	1151.02808163265	845.926040816326
2495	3	807.652	829.875	810.846	0.974	0.1239	0.1407	0	96	103	0.988	0.999	6	-397.826	1110.03556164384	802.843780821918
2512	1	824.362	831.769	825.427	NA	NA	NA	NA	300	300	1	1	2	-410.181	1126.44308108108	823.40254054054
2512	2	823.08	837.895	825.209	0.445	0.0869	0.1053	1	56	244	0.466	0.98	4	-407.54	1125.28408163265	820.182040816327
2512	3	793.229	815.452	796.424	0.961	0.1356	0.1527	0	56	138	0.981	0.999	6	-390.615	1095.61356164384	788.421780821918
2527	1	815.231	822.639	816.296	NA	NA	NA	NA	300	300	1	1	2	-405.616	1117.31308108108	814.27254054054
2527	2	819.047	833.862	821.176	0.176	0.8362	0.847	1	88	212	0.502	0.855	4	-405.523	1121.25008163265	816.148040816327
2527	3	768.937	791.16	772.132	0.98	0.1188	0.1358	0	79	133	0.993	1	6	-378.469	1071.32156164384	764.129780821918
2537	1	962.236	969.644	963.301	NA	NA	NA	NA	300	300	1	1	2	-479.118	1264.31708108108	961.276540540541
2537	2	900.135	914.95	902.265	0.815	0	0	0	130	170	0.868	0.996	4	-446.068	1202.34008163265	897.238040816326
2537	3	898.018	920.241	901.212	0.847	0.1707	0.1894	0.051	50	130	0.864	0.984	6	-443.009	1200.40156164384	893.209780821918
2562	1	962.236	969.644	963.301	NA	NA	NA	NA	300	300	1	1	2	-479.118	1264.31708108108	961.276540540541
2562	2	900.135	914.95	902.265	0.815	0	0	0	130	170	0.868	0.996	4	-446.068	1202.34008163265	897.238040816326
2562	3	898.018	920.241	901.212	0.847	0.1707	0.1894	0.051	50	130	0.864	0.984	6	-443.009	1200.40156164384	893.209780821918
2598	1	856.358	863.766	857.423	NA	NA	NA	NA	300	300	1	1	2	-426.179	1158.43908108108	855.39854054054
2598	2	848.824	863.639	850.953	0.56	0.0026	0.0043	0	96	204	0.733	0.966	4	-420.412	1151.02808163265	845.926040816326
2598	3	807.652	829.875	810.846	0.974	0.1239	0.1407	0	96	103	0.988	0.999	6	-397.826	1110.03556164384	802.843780821918
2612	1	823.755	831.163	824.82	NA	NA	NA	NA	300	300	1	1	2	-409.877	1125.83508108108	822.794540540541
2612	2	824.178	838.993	826.307	0.562	0.0811	0.0976	1	46	254	0.587	0.936	4	-408.089	1126.38208163265	821.280040816327
2612	3	805.072	827.295	808.266	0.932	0.171	0.1909	0	46	140	0.962	0.998	6	-396.536	1107.45556164384	800.263780821918
2626	1	962.236	969.644	963.301	NA	NA	NA	NA	300	300	1	1	2	-479.118	1264.31708108108	961.276540540541
2626	2	900.135	914.95	902.265	0.815	0	0	0	130	170	0.868	0.996	4	-446.068	1202.34008163265	897.238040816326
2626	3	898.018	920.241	901.212	0.847	0.1707	0.1894	0.051	50	130	0.864	0.984	6	-443.009	1200.40156164384	893.209780821918
2659	1	815.231	822.639	816.296	NA	NA	NA	NA	300	300	1	1	2	-405.616	1117.31308108108	814.27254054054
2659	2	819.047	833.862	821.176	0.176	0.8362	0.847	1	88	212	0.502	0.855	4	-405.523	1121.25008163265	816.148040816327
2659	3	768.937	791.16	772.132	0.98	0.1188	0.1358	0	79	133	0.993	1	6	-378.469	1071.32156164384	764.129780821918
2671	1	962.236	969.644	963.301	NA	NA	NA	NA	300	300	1	1	2	-479.118	1264.31708108108	961.276540540541
2671	2	900.135	914.95	902.265	0.815	0	0	0	130	170	0.868	0.996	4	-446.068	1202.34008163265	897.238040816326
2671	3	898.018	920.241	901.212	0.847	0.1707	0.1894	0.051	50	130	0.864	0.984	6	-443.009	1200.40156164384	893.209780821918
2699	1	824.362	831.769	825.427	NA	NA	NA	NA	300	300	1	1	2	-410.181	1126.44308108108	823.40254054054
2699	2	823.08	837.895	825.209	0.445	0.0869	0.1053	1	56	244	0.466	0.98	4	-407.54	1125.28408163265	820.182040816327
2699	3	793.229	815.452	796.424	0.961	0.1356	0.1527	0	56	138	0.981	0.999	6	-390.615	1095.61356164384	788.421780821918
