17	1	126.29	129.668	123.409	NA	NA	NA	NA	40	40	1	1	2	-61.145	168.956666666667	125.623333333333
17	2	126.06	132.815	120.298	0.77	0.0729	0.0989	0.2	10	30	0.873	0.969	4	-59.03	169.824705882353	123.942352941176
17	3	124.497	134.63	115.854	0.863	0.1532	0.1966	0.1111	9	19	0.933	0.95	6	-56.248	169.996	121.246
48	1	126.119	129.497	123.238	NA	NA	NA	NA	40	40	1	1	2	-61.06	168.786666666667	125.453333333333
48	2	129.645	136.401	123.884	0.415	0.8363	0.856	1	17	23	0.772	0.828	4	-60.823	173.410705882353	127.528352941176
48	3	132.819	142.952	124.177	0.708	0.8961	0.9058	0.6667	9	19	0.854	0.909	6	-60.409	178.318	129.568
59	1	122.253	125.631	119.372	NA	NA	NA	NA	40	40	1	1	2	-59.126	164.918666666667	121.585333333333
59	2	124.656	131.412	118.894	0.672	0.7797	0.8037	0.5	16	24	0.865	0.945	4	-58.328	168.420705882353	122.538352941176
59	3	123.237	133.37	114.595	0.893	0.0304	0.0405	0.1111	1	24	0.752	0.982	6	-55.619	168.738	119.988
88	1	120.72	124.098	117.839	NA	NA	NA	NA	40	40	1	1	2	-58.36	163.386666666667	120.053333333333
88	2	109.983	116.739	104.222	0.908	0.0029	0.0055	0	13	27	0.933	0.997	4	-50.992	153.748705882353	107.866352941176
88	3	108.494	118.627	99.852	0.861	0.0874	0.1157	0.0822	8	19	0.772	0.998	6	-48.247	153.994	105.244
125	1	156.953	160.331	154.073	NA	NA	NA	NA	40	40	1	1	2	-76.477	199.620666666667	156.287333333333
125	2	150.309	157.065	144.548	0.861	0.0137	0.0234	0	18	22	0.958	0.972	4	-71.155	194.074705882353	148.192352941176
125	3	153.214	163.347	144.572	0.776	0.6302	0.6624	1	8	20	0.71	0.966	6	-70.607	198.714	149.964
142	1	158.809	162.187	155.929	NA	NA	NA	NA	40	40	1	1	2	-77.405	201.476666666667	158.143333333333
142	2	151.751	158.506	145.989	0.865	0.008	0.0147	0	18	22	0.956	0.965	4	-71.875	195.514705882353	149.632352941176
142	3	155.311	165.445	146.669	0.769	0.7441	0.7651	1	5	20	0.601	0.968	6	-71.656	200.812	152.062
156	1	153.78	157.158	150.899	NA	NA	NA	NA	40	40	1	1	2	-74.89	196.446666666667	153.113333333333
156	2	155.962	162.718	150.2	0.626	0.4468	0.4821	0.5	8	32	0.708	0.941	4	-73.981	199.726705882353	153.844352941176
156	3	159.273	169.406	150.631	0.637	0.5712	0.5888	1	3	22	0.742	0.886	6	-73.637	204.774	156.024
160	1	158.571	161.948	155.69	NA	NA	NA	NA	40	40	1	1	2	-77.285	201.236666666667	157.903333333333
160	2	151.865	158.62	146.103	0.874	0.0068	0.0123	0	15	25	0.969	0.97	4	-71.932	195.628705882353	149.746352941176
160	3	154.474	164.607	145.832	0.793	0.6551	0.6911	0.375	12	15	0.886	0.969	6	-71.237	199.974	151.224
179	1	158.888	162.266	156.007	NA	NA	NA	NA	40	40	1	1	2	-77.444	201.554666666667	158.221333333333
179	2	155.19	161.946	149.429	0.808	0.0338	0.0517	0.02	19	21	0.933	0.956	4	-73.595	198.954705882353	153.072352941176
179	3	157.666	167.799	149.023	0.771	0.5242	0.5676	0.3333	11	17	0.804	0.974	6	-72.833	203.166	154.416
207	1	175.976	179.354	173.095	NA	NA	NA	NA	40	40	1	1	2	-85.988	218.642666666667	175.309333333333
207	2	175.971	182.727	170.21	0.719	0.2234	0.2694	0.2	19	21	0.903	0.939	4	-83.986	219.736705882353	173.854352941176
207	3	177.445	187.579	168.803	0.821	0.2431	0.28	0.4286	4	20	0.859	0.962	6	-82.723	222.946	174.196
216	1	180.614	183.992	177.734	NA	NA	NA	NA	40	40	1	1	2	-88.307	223.280666666667	179.947333333333
216	2	161.519	168.275	155.758	0.978	0	1e-04	0	19	21	0.995	0.998	4	-76.76	205.284705882353	159.402352941176
216	3	165.307	175.441	156.665	0.756	0.8532	0.8628	1	6	19	0.588	0.999	6	-76.654	210.808	162.058
224	1	180.739	184.117	177.858	NA	NA	NA	NA	40	40	1	1	2	-88.369	223.404666666667	180.071333333333
224	2	172.58	179.336	166.819	0.934	0.0026	0.0053	0	20	20	0.985	0.992	4	-82.29	216.344705882353	170.462352941176
224	3	176.507	186.64	167.865	0.764	0.8283	0.8346	1	2	20	0.275	0.99	6	-82.254	222.008	173.258
236	1	167.265	170.643	164.384	NA	NA	NA	NA	40	40	1	1	2	-81.633	209.932666666667	166.599333333333
236	2	162.214	168.969	156.452	0.872	0.0366	0.0548	0.0128	20	20	0.961	0.977	4	-77.107	205.978705882353	160.096352941176
236	3	165.104	175.237	156.461	0.839	0.3878	0.422	1	2	20	0.545	0.982	6	-76.552	210.604	161.854
257	1	176.044	179.422	173.163	NA	NA	NA	NA	40	40	1	1	2	-86.022	218.710666666667	175.377333333333
257	2	149.962	156.717	144.2	0.996	0	0	0	20	20	0.999	1	4	-70.981	193.726705882353	147.844352941176
257	3	152.634	162.767	143.992	0.85	0.3412	0.3818	1	6	20	0.787	1	6	-70.317	198.134	149.384
275	1	184.502	187.88	181.621	NA	NA	NA	NA	40	40	1	1	2	-90.251	227.168666666667	183.835333333333
275	2	174.356	181.112	168.595	0.894	0.0587	0.0806	0	19	21	0.965	0.978	4	-83.178	218.120705882353	172.238352941176
275	3	174.015	184.149	165.373	0.878	0.386	0.4169	0.0822	7	20	0.806	0.995	6	-81.008	219.516	170.766
299	1	174.436	177.814	171.555	NA	NA	NA	NA	40	40	1	1	2	-85.218	217.102666666667	173.769333333333
299	2	168.068	174.823	162.306	0.884	0.008	0.0144	0	18	22	0.959	0.989	4	-80.034	211.832705882353	165.950352941176
299	3	170.798	180.932	162.156	0.763	0.4116	0.4539	1	11	18	0.773	0.993	6	-79.399	216.298	167.548
313	1	291.326	296.536	290.22	NA	NA	NA	NA	100	100	1	1	2	-143.663	393.576	290.451
313	2	293.686	304.106	291.473	0.468	0.7676	0.7861	0.6667	45	55	0.829	0.84	4	-142.843	396.32429787234	291.00514893617
313	3	293.107	308.738	289.789	0.781	0.0168	0.0217	0.1622	1	50	0.893	0.955	6	-140.554	396.325391304348	288.716695652174
333	1	313.156	318.367	312.05	NA	NA	NA	NA	100	100	1	1	2	-154.578	415.406	312.281
333	2	316.041	326.462	313.829	0.768	0.336	0.365	0.6667	3	97	0.33	0.992	4	-154.021	418.68029787234	313.36114893617
333	3	315.792	331.423	312.473	0.745	0.2796	0.3172	0.2	3	51	0.797	0.887	6	-151.896	419.009391304348	311.400695652174
353	1	318.566	323.776	317.46	NA	NA	NA	NA	100	100	1	1	2	-157.283	420.816	317.691
353	2	321.251	331.672	319.039	0.441	0.4109	0.4468	0.6667	27	73	0.647	0.896	4	-156.626	423.89029787234	318.57114893617
353	3	323.922	339.553	320.603	0.616	0.587	0.6207	0.5	13	55	0.777	0.853	6	-155.961	427.139391304348	319.530695652174
368	1	325.606	330.816	324.5	NA	NA	NA	NA	100	100	1	1	2	-160.803	427.856	324.731
368	2	327.151	337.571	324.938	0.511	0.3566	0.4002	0.6667	49	51	0.843	0.857	4	-159.575	429.78829787234	324.46914893617
368	3	329.234	344.865	325.916	0.695	0.4498	0.4825	0.5	14	46	0.775	0.908	6	-158.617	432.451391304348	324.842695652174
385	1	346.958	352.169	345.852	NA	NA	NA	NA	100	100	1	1	2	-171.479	449.208	346.083
385	2	350.061	360.482	347.849	0.415	0.7175	0.7435	0.6667	39	61	0.754	0.854	4	-171.031	452.70029787234	347.38114893617
385	3	352.714	368.345	349.396	0.655	0.3186	0.3447	0.6667	4	63	0.489	0.884	6	-170.357	455.931391304348	348.322695652174
397	1	293.633	298.844	292.527	NA	NA	NA	NA	100	100	1	1	2	-144.817	395.884	292.759
397	2	296.767	307.187	294.554	0.428	0.8025	0.8222	0.6667	41	59	0.768	0.868	4	-144.383	399.40429787234	294.08514893617
397	3	298.769	314.4	295.451	0.71	0.3433	0.3659	0.2667	2	58	0.512	0.888	6	-143.385	401.987391304348	294.378695652174
410	1	396.101	401.311	394.995	NA	NA	NA	NA	100	100	1	1	2	-196.051	498.352	395.227
410	2	393.056	403.476	390.843	0.65	0.0333	0.0478	0.04	45	55	0.885	0.903	4	-192.528	495.69429787234	390.37514893617
410	3	396.387	412.018	393.068	0.612	0.7764	0.7971	0.6667	27	44	0.672	0.903	6	-192.193	499.603391304348	391.994695652174
430	1	385.691	390.901	384.585	NA	NA	NA	NA	100	100	1	1	2	-190.845	487.94	384.815
430	2	379.354	389.775	377.142	0.687	0.0139	0.0211	0	42	58	0.887	0.921	4	-185.677	481.99229787234	376.67314893617
430	3	377.038	392.669	373.72	0.786	0.0619	0.0816	0.0659	23	42	0.859	0.941	6	-182.519	480.255391304348	372.646695652174
466	1	401.321	406.531	400.215	NA	NA	NA	NA	100	100	1	1	2	-198.661	503.572	400.447
466	2	388.347	398.768	386.135	0.808	0.0015	0.0028	0	41	59	0.939	0.957	4	-190.173	490.98429787234	385.66514893617
466	3	388.929	404.56	385.611	0.785	0.1112	0.1362	0.2143	12	55	0.743	0.969	6	-188.465	492.147391304348	384.538695652174
484	1	398.221	403.431	397.114	NA	NA	NA	NA	100	100	1	1	2	-197.11	500.47	397.345
484	2	384.26	394.681	382.048	0.832	0.0034	0.0058	0	45	55	0.949	0.961	4	-188.13	486.89829787234	381.57914893617
484	3	385.358	400.989	382.04	0.806	0.3135	0.3444	0.2667	6	52	0.53	0.961	6	-186.679	488.575391304348	380.966695652174
492	1	379.388	384.599	378.282	NA	NA	NA	NA	100	100	1	1	2	-187.694	481.638	378.513
492	2	373.688	384.108	371.475	0.676	0.0123	0.019	0.0303	48	52	0.885	0.914	4	-182.844	476.32629787234	371.00714893617
492	3	371.409	387.04	368.091	0.798	0.2847	0.3151	0.0306	27	38	0.883	0.933	6	-179.705	474.627391304348	367.018695652174
555	1	450.014	455.224	448.908	NA	NA	NA	NA	100	100	1	1	2	-223.007	552.264	449.139
555	2	428.813	439.234	426.601	0.877	3e-04	6e-04	0	48	52	0.967	0.973	4	-210.406	531.45029787234	426.13114893617
555	3	430.609	446.24	427.291	0.927	0.0946	0.1122	0.3077	1	52	0.895	0.977	6	-209.305	533.827391304348	426.218695652174
568	1	445.598	450.809	444.492	NA	NA	NA	NA	100	100	1	1	2	-220.799	547.848	444.723
568	2	419.41	429.83	417.197	0.881	0	1e-04	0	50	50	0.96	0.97	4	-205.705	522.04829787234	416.72914893617
568	3	422.569	438.2	419.251	0.917	0.3365	0.361	0.5	1	51	0.792	0.975	6	-205.285	525.787391304348	418.178695652174
584	1	453.828	459.038	452.721	NA	NA	NA	NA	100	100	1	1	2	-224.914	556.078	452.953
584	2	437.092	447.513	434.88	0.836	1e-04	2e-04	0	47	53	0.947	0.965	4	-214.546	539.73029787234	434.41114893617
584	3	438.14	453.771	434.821	0.74	0.1881	0.2221	0.2381	24	44	0.801	0.967	6	-213.07	541.357391304348	433.748695652174
602	1	907.734	915.141	908.798	NA	NA	NA	NA	300	300	1	1	2	-451.867	1209.81508108108	906.774540540541
602	2	909.508	924.323	911.637	0.983	0.1188	0.1332	1	1	299	0.508	1	4	-450.754	1211.71208163265	906.610040816327
602	3	910.4	932.623	913.594	0.695	0.2219	0.2531	0.6667	3	259	0.479	0.956	6	-449.2	1212.78356164384	905.591780821918
618	1	909.224	916.632	910.289	NA	NA	NA	NA	300	300	1	1	2	-452.612	1211.30508108108	908.264540540541
618	2	910.557	925.372	912.686	0.889	0.1208	0.1384	1	4	296	0.324	0.996	4	-451.278	1212.76008163265	907.658040816327
618	3	914.3	936.522	917.494	0.617	0.9432	0.9469	1	7	277	0.247	0.969	6	-451.15	1216.68356164384	909.491780821918
634	1	888.374	895.781	889.439	NA	NA	NA	NA	300	300	1	1	2	-442.187	1190.45508108108	887.414540540541
634	2	888.81	903.625	890.939	0.414	0.2583	0.2868	1	118	182	0.76	0.845	4	-440.405	1191.01408163265	885.912040816326
634	3	890.212	912.435	893.406	0.606	0.1711	0.1942	0.3333	15	152	0.498	0.846	6	-439.106	1192.59556164384	885.403780821918
652	1	930.355	937.763	931.42	NA	NA	NA	NA	300	300	1	1	2	-463.178	1232.43708108108	929.396540540541
652	2	929.773	944.589	931.903	0.462	0.1673	0.1957	1	140	160	0.82	0.844	4	-460.887	1231.97808163265	926.876040816327
652	3	932.851	955.073	936.045	0.675	0.2829	0.3019	1	1	155	0.463	0.858	6	-460.425	1235.23356164384	928.041780821918
668	1	881.758	889.166	882.823	NA	NA	NA	NA	300	300	1	1	2	-438.879	1183.83908108108	880.798540540541
668	2	885.185	900	887.314	0.266	0.8003	0.8171	1	110	190	0.646	0.813	4	-438.592	1187.38808163265	882.286040816326
668	3	888.956	911.178	892.15	0.499	0.8641	0.8694	1	10	164	0.357	0.79	6	-438.478	1191.33956164384	884.147780821918
687	1	947.524	954.931	948.588	NA	NA	NA	NA	300	300	1	1	2	-471.762	1249.60508108108	946.564540540541
687	2	946.095	960.91	948.225	0.506	0.1906	0.2193	1	133	167	0.83	0.87	4	-469.048	1248.30008163265	943.198040816327
687	3	948.313	970.536	951.507	0.707	0.2197	0.2368	1	3	158	0.569	0.887	6	-468.157	1250.69756164384	943.505780821918
703	1	1170.744	1178.152	1171.809	NA	NA	NA	NA	300	300	1	1	2	-583.372	1472.82508108108	1169.78454054054
703	2	1156.466	1171.281	1158.595	0.677	0.0184	0.0243	0	144	156	0.91	0.914	4	-574.233	1458.67008163265	1153.56804081633
703	3	1149.708	1171.93	1152.902	0.804	0.0013	0.0021	0	10	149	0.633	0.946	6	-568.854	1452.09156164384	1144.89978082192
737	1	1175.135	1182.543	1176.2	NA	NA	NA	NA	300	300	1	1	2	-585.568	1477.21708108108	1174.17654054054
737	2	1142.473	1157.288	1144.603	0.74	0	0	0	145	155	0.923	0.931	4	-567.237	1444.67808163265	1139.57604081633
737	3	1143.448	1165.671	1146.642	0.651	0.2713	0.3028	1	78	124	0.675	0.911	6	-565.724	1445.83156164384	1138.63978082192
755	1	1196.62	1204.028	1197.685	NA	NA	NA	NA	300	300	1	1	2	-596.31	1498.70108108108	1195.66054054054
755	2	1170.481	1185.296	1172.61	0.708	0	0	0	147	153	0.912	0.918	4	-581.24	1472.68408163265	1167.58204081633
755	3	1172.048	1194.271	1175.242	0.632	0.3411	0.3753	1	80	126	0.664	0.924	6	-580.024	1474.43156164384	1167.23978082192
775	1	1125.264	1132.671	1126.328	NA	NA	NA	NA	300	300	1	1	2	-560.632	1427.34508108108	1124.30454054054
775	2	1095.38	1110.195	1097.509	0.742	0	0	0	147	153	0.919	0.938	4	-543.69	1397.58408163265	1092.48204081633
775	3	1099.305	1121.528	1102.499	0.621	0.9818	0.9832	1	0	152	0	0.959	6	-543.653	1401.68956164384	1094.49778082192
793	1	1171.414	1178.822	1172.479	NA	NA	NA	NA	300	300	1	1	2	-583.707	1473.49508108108	1170.45454054054
793	2	1146.417	1161.232	1148.546	0.712	0	1e-04	0	149	151	0.912	0.923	4	-569.208	1448.62008163265	1143.51804081633
793	3	1147.866	1170.089	1151.06	0.823	0.0843	0.0972	1	2	149	0.657	0.927	6	-567.933	1450.24956164384	1143.05778082192
810	1	1308.794	1316.201	1309.859	NA	NA	NA	NA	300	300	1	1	2	-652.397	1610.87508108108	1307.83454054054
810	2	1218.811	1233.627	1220.941	0.895	0	0	0	148	152	0.967	0.976	4	-605.406	1521.01608163265	1215.91404081633
810	3	1213.968	1236.19	1217.162	0.903	0.0052	0.0077	0	6	150	0.54	0.974	6	-600.984	1516.35156164384	1209.15978082192
848	1	1313.657	1321.064	1314.721	NA	NA	NA	NA	300	300	1	1	2	-654.828	1615.73708108108	1312.69654054054
848	2	1211.843	1226.659	1213.973	0.924	0	0	0	150	150	0.979	0.982	4	-601.922	1514.04808163265	1208.94604081633
848	3	1214.641	1236.864	1217.836	0.947	0.2408	0.2589	1	1	150	0.655	0.983	6	-601.321	1517.02556164384	1209.83378082192
868	1	1338.97	1346.378	1340.035	NA	NA	NA	NA	300	300	1	1	2	-667.485	1641.05108108108	1338.01054054054
868	2	1249.624	1264.44	1251.754	0.899	0	0	0	147	153	0.972	0.975	4	-620.812	1551.82808163265	1246.72604081633
868	3	1253.519	1275.742	1256.713	0.874	0.7757	0.7848	1	0	152	0	0.977	6	-620.76	1555.90356164384	1248.71178082192
886	1	1315.252	1322.66	1316.317	NA	NA	NA	NA	300	300	1	1	2	-655.626	1617.33308108108	1314.29254054054
886	2	1239.949	1254.764	1242.079	0.875	0	0	0	145	155	0.963	0.973	4	-615.975	1542.15408163265	1237.05204081633
886	3	1238.883	1261.105	1242.077	0.763	0.0644	0.0798	0.1579	31	153	0.575	0.978	6	-613.441	1541.26556164384	1234.07378082192
922	1	101.912	105.29	99.031	NA	NA	NA	NA	40	40	1	1	2	-48.956	144.578666666667	101.245333333333
922	2	96.271	103.026	90.509	0.899	0.0208	0.0339	0	15	25	0.977	0.98	4	-44.135	140.034705882353	94.1523529411765
922	3	100.063	110.196	91.42	0.821	0.7371	0.7476	1	2	25	0.471	0.988	6	-44.031	145.562	96.812
951	1	101.179	104.557	98.298	NA	NA	NA	NA	40	40	1	1	2	-48.589	143.844666666667	100.511333333333
951	2	103.656	110.412	97.895	0.582	0.5589	0.6047	0.5	15	25	0.829	0.916	4	-47.828	147.420705882353	101.538352941176
951	3	107.423	117.556	98.781	0.665	0.604	0.618	1	1	23	0.383	0.921	6	-47.711	152.922	104.172
965	1	80.497	83.875	77.617	NA	NA	NA	NA	40	40	1	1	2	-38.249	123.164666666667	79.8313333333333
965	2	80.179	86.935	74.418	0.964	0.0282	0.0371	0.2	1	39	0.786	1	4	-36.09	123.944705882353	78.0623529411765
965	3	80.515	90.649	71.873	0.82	0.3392	0.3918	0.2083	1	24	0.881	0.991	6	-34.258	126.016	77.266
984	1	104.715	108.093	101.835	NA	NA	NA	NA	40	40	1	1	2	-50.358	147.382666666667	104.049333333333
984	2	106.927	113.683	101.165	0.974	0.0754	0.0933	0.5	1	39	0.923	0.998	4	-49.463	150.690705882353	104.808352941176
984	3	103.684	113.818	95.042	0.882	0.0695	0.0955	0.1176	1	21	0.941	1	6	-45.842	149.184	100.434
1012	1	148.54	151.918	145.659	NA	NA	NA	NA	40	40	1	1	2	-72.27	191.206666666667	147.873333333333
1012	2	150.585	157.34	144.823	0.59	0.59	0.6283	0.5	19	21	0.874	0.889	4	-71.292	194.348705882353	148.466352941176
1012	3	149.177	159.31	140.535	0.857	0.0542	0.0737	0.12	7	17	0.896	0.979	6	-68.589	194.678	145.928
1038	1	152.306	155.684	149.425	NA	NA	NA	NA	40	40	1	1	2	-74.153	194.972666666667	151.639333333333
1038	2	145.124	151.88	139.363	0.945	0.2198	0.2532	0	19	21	0.987	0.995	4	-68.562	188.888705882353	143.006352941176
1038	3	142.503	152.636	133.861	0.967	0.0353	0.0486	0	1	20	0.688	0.998	6	-65.252	188.004	139.254
1063	1	155.221	158.598	152.34	NA	NA	NA	NA	40	40	1	1	2	-75.61	197.886666666667	154.553333333333
1063	2	143.217	149.972	137.455	0.953	0.0012	0.0026	0	19	21	0.987	0.996	4	-67.608	186.980705882353	141.098352941176
1063	3	145.622	155.756	136.98	0.854	0.281	0.3212	0.6667	4	19	0.662	0.998	6	-66.811	191.122	142.372
1078	1	151.537	154.915	148.656	NA	NA	NA	NA	40	40	1	1	2	-73.769	194.204666666667	150.871333333333
1078	2	144.459	151.214	138.697	0.925	0.0292	0.0437	0	20	20	0.974	0.989	4	-68.229	188.222705882353	142.340352941176
1078	3	146.93	157.064	138.288	0.906	0.3614	0.3928	1	2	20	0.691	0.985	6	-67.465	192.43	143.68
1098	1	148.751	152.129	145.87	NA	NA	NA	NA	40	40	1	1	2	-72.376	191.418666666667	148.085333333333
1098	2	139.277	146.033	133.516	0.9	0.0122	0.0206	0	19	21	0.973	0.982	4	-65.639	183.042705882353	137.160352941176
1098	3	135.496	145.629	126.854	0.897	0.0654	0.0896	0	11	17	0.91	0.975	6	-61.748	180.996	132.246
1127	1	174.335	177.713	171.454	NA	NA	NA	NA	40	40	1	1	2	-85.167	217.000666666667	173.667333333333
1127	2	143.358	150.113	137.596	0.999	0	0	0	20	20	1	1	4	-67.679	187.122705882353	141.240352941176
1127	3	146.005	156.138	137.363	0.832	0.5212	0.5558	1	6	20	0.697	1	6	-67.003	191.506	142.756
1143	1	179.326	182.703	176.445	NA	NA	NA	NA	40	40	1	1	2	-87.663	221.992666666667	178.659333333333
1143	2	142.665	149.421	136.904	0.996	3e-04	7e-04	0	20	20	0.999	1	4	-67.333	186.430705882353	140.548352941176
1143	3	142.018	152.152	133.376	0.943	0.119	0.1431	0.05	3	20	0.823	1	6	-65.009	187.518	138.768
1179	1	175.179	178.557	172.299	NA	NA	NA	NA	40	40	1	1	2	-85.59	217.846666666667	174.513333333333
1179	2	146.874	153.63	141.113	0.988	0	1e-04	0	20	20	0.995	1	4	-69.437	190.638705882353	144.756352941176
1179	3	150.256	160.389	141.614	0.91	0.5939	0.6159	1	2	20	0.595	0.999	6	-69.128	195.756	147.006
1197	1	175.726	179.104	172.845	NA	NA	NA	NA	40	40	1	1	2	-85.863	218.392666666667	175.059333333333
1197	2	147.017	153.773	141.256	0.996	0	0	0	20	20	0.999	1	4	-69.509	190.782705882353	144.900352941176
1197	3	150.728	160.861	142.085	0.794	0.7283	0.7446	1	3	20	0.407	1	6	-69.364	196.228	147.478
1212	1	262.601	267.812	261.495	NA	NA	NA	NA	100	100	1	1	2	-129.301	364.852	261.727
1212	2	265.35	275.77	263.137	0.407	0.7452	0.7648	0.6667	44	56	0.786	0.822	4	-128.675	367.98829787234	262.66914893617
1212	3	264.07	279.701	260.752	0.757	0.0565	0.0704	0.1132	6	57	0.756	0.924	6	-126.035	367.287391304348	259.678695652174
1233	1	265.052	270.262	263.946	NA	NA	NA	NA	100	100	1	1	2	-130.526	367.302	264.177
1233	2	264.501	274.921	262.288	0.692	0.0505	0.0663	0.0923	11	89	0.568	0.979	4	-128.25	367.13829787234	261.81914893617
1233	3	266.973	282.604	263.655	0.635	0.5098	0.5483	0.6667	8	50	0.776	0.844	6	-127.487	370.191391304348	262.582695652174
1256	1	254.91	260.121	253.804	NA	NA	NA	NA	100	100	1	1	2	-125.455	357.16	254.035
1256	2	249.443	259.864	247.231	0.688	0.013	0.0203	0.0303	43	57	0.909	0.911	4	-120.722	352.08229787234	246.76314893617
1256	3	250.739	266.37	247.421	0.731	0.3368	0.3764	0.2667	23	45	0.806	0.938	6	-119.37	353.957391304348	246.348695652174
1286	1	237.92	243.131	236.814	NA	NA	NA	NA	100	100	1	1	2	-116.96	340.17	237.045
1286	2	239.992	250.413	237.78	0.469	0.3576	0.3988	0.6667	37	63	0.769	0.872	4	-115.996	342.63029787234	237.31114893617
1286	3	243.115	258.746	239.797	0.594	0.7537	0.7784	1	18	50	0.769	0.825	6	-115.558	346.333391304348	238.724695652174
1303	1	369.126	374.337	368.02	NA	NA	NA	NA	100	100	1	1	2	-182.563	471.376	368.251
1303	2	339.363	349.783	337.15	0.916	0.0033	0.0053	0	48	52	0.974	0.983	4	-165.681	442.00029787234	336.68114893617
1303	3	337.884	353.515	334.566	0.897	0.4087	0.4331	0.1111	5	48	0.714	0.987	6	-162.942	441.101391304348	333.492695652174
1331	1	375.101	380.312	373.995	NA	NA	NA	NA	100	100	1	1	2	-185.551	477.352	374.227
1331	2	357.145	367.565	354.932	0.864	4e-04	9e-04	0	50	50	0.965	0.969	4	-174.572	459.78229787234	354.46314893617
1331	3	359.577	375.208	356.259	0.916	0.1725	0.1951	0.375	1	50	0.839	0.974	6	-173.789	462.795391304348	355.186695652174
1346	1	374.62	379.83	373.514	NA	NA	NA	NA	100	100	1	1	2	-185.31	476.87	373.745
1346	2	333.774	344.195	331.562	0.954	0	0	0	48	52	0.986	0.991	4	-162.887	436.41229787234	331.09314893617
1346	3	336.058	351.689	332.74	0.795	0.4827	0.5099	0.5	15	52	0.682	0.994	6	-162.029	439.275391304348	331.666695652174
1360	1	376.815	382.025	375.709	NA	NA	NA	NA	100	100	1	1	2	-186.407	479.064	375.939
1360	2	342.439	352.859	340.226	0.935	0	0	0	49	51	0.982	0.991	4	-167.219	445.07629787234	339.75714893617
1360	3	345.208	360.839	341.89	0.854	0.4174	0.4458	0.5	5	49	0.518	0.995	6	-166.604	448.425391304348	340.816695652174
1374	1	379.907	385.117	378.8	NA	NA	NA	NA	100	100	1	1	2	-187.953	482.156	379.031
1374	2	339.765	350.186	337.552	0.934	0	0	0	49	51	0.98	0.981	4	-165.882	442.40229787234	337.08314893617
1374	3	343.257	358.888	339.938	0.842	0.7379	0.756	1	6	49	0.475	0.981	6	-165.628	446.473391304348	338.864695652174
1388	1	376.083	381.294	374.977	NA	NA	NA	NA	100	100	1	1	2	-186.042	478.334	375.209
1388	2	337.011	347.431	334.798	0.945	0	0	0	49	51	0.983	0.992	4	-164.505	439.64829787234	334.32914893617
1388	3	334.127	349.758	330.809	0.854	0.0492	0.0646	0.05	14	50	0.788	0.992	6	-161.064	437.345391304348	329.736695652174
1421	1	440.657	445.867	439.551	NA	NA	NA	NA	100	100	1	1	2	-218.328	542.906	439.781
1421	2	342.971	353.392	340.759	0.999	0	0	0	50	50	1	1	4	-167.485	445.60829787234	340.28914893617
1421	3	346.081	361.712	342.762	0.949	0.4224	0.4482	0.5	2	50	0.518	1	6	-167.04	449.297391304348	341.688695652174
1438	1	436.214	441.425	435.108	NA	NA	NA	NA	100	100	1	1	2	-216.107	538.464	435.339
1438	2	356.472	366.893	354.26	0.994	0	0	0	50	50	0.998	1	4	-174.236	459.11029787234	353.79114893617
1438	3	359.811	375.442	356.493	0.772	0.5543	0.5808	0.6667	11	50	0.474	1	6	-173.906	463.029391304348	355.420695652174
1458	1	439.585	444.795	438.478	NA	NA	NA	NA	100	100	1	1	2	-217.792	541.834	438.709
1458	2	390.257	400.678	388.045	0.971	0	0	0	49	51	0.993	0.996	4	-191.128	492.89429787234	387.57514893617
1458	3	393.008	408.639	389.69	0.747	0.3717	0.4077	0.6667	23	49	0.686	0.999	6	-190.504	496.225391304348	388.616695652174
1477	1	422.07	427.28	420.964	NA	NA	NA	NA	100	100	1	1	2	-209.035	524.32	421.195
1477	2	338.758	349.179	336.546	0.993	0	0	0	49	51	0.999	0.999	4	-165.379	441.39629787234	336.07714893617
1477	3	341.582	357.213	338.263	0.951	0.3615	0.3877	0.5	2	49	0.553	0.999	6	-164.791	444.799391304348	337.190695652174
1493	1	442.143	447.354	441.037	NA	NA	NA	NA	100	100	1	1	2	-219.072	544.394	441.269
1493	2	343.113	353.534	340.9	1	0	0	0	49	51	1	1	4	-167.556	445.75029787234	340.43114893617
1493	3	346.438	362.069	343.119	0.827	0.6789	0.6964	0.6667	7	51	0.448	1	6	-167.219	449.655391304348	342.046695652174
1510	1	758.843	766.25	759.907	NA	NA	NA	NA	300	300	1	1	2	-377.421	1060.92308108108	757.882540540541
1510	2	759.94	774.755	762.069	0.732	0.1298	0.1508	1	11	289	0.316	0.988	4	-375.97	1062.14408163265	757.042040816327
1510	3	761.762	783.985	764.956	0.608	0.4786	0.5125	1	11	162	0.627	0.839	6	-374.881	1064.14556164384	756.953780821918
1524	1	776.621	784.029	777.686	NA	NA	NA	NA	300	300	1	1	2	-386.311	1078.70308108108	775.66254054054
1524	2	764.559	779.375	766.689	0.965	0	0	0	6	294	0.797	0.997	4	-378.28	1066.76408163265	761.662040816326
1524	3	762.106	784.328	765.3	0.69	0.0617	0.08	0.04	6	159	0.84	0.939	6	-375.053	1064.48956164384	757.297780821918
1558	1	754.677	762.085	755.742	NA	NA	NA	NA	300	300	1	1	2	-375.339	1056.75908108108	753.718540540541
1558	2	748.781	763.597	750.911	0.961	0.001	0.0015	0	4	296	0.666	0.999	4	-370.391	1050.98608163265	745.884040816327
1558	3	748.677	770.9	751.872	0.635	0.1102	0.1322	1	4	180	0.75	0.882	6	-368.339	1051.06156164384	743.869780821918
1585	1	795.622	803.03	796.687	NA	NA	NA	NA	300	300	1	1	2	-395.811	1097.70308108108	794.66254054054
1585	2	791.027	805.842	793.157	0.775	0.0039	0.0058	0	22	278	0.587	0.981	4	-391.514	1093.23208163265	788.130040816327
1585	3	788.926	811.149	792.12	0.684	0.1626	0.1904	0.0303	27	185	0.775	0.888	6	-388.463	1091.30956164384	784.117780821918
1631	1	1125.62	1133.027	1126.684	NA	NA	NA	NA	300	300	1	1	2	-560.81	1427.70108108108	1124.66054054054
1631	2	1061.9	1076.715	1064.029	0.883	0	0	0	149	151	0.969	0.978	4	-526.95	1364.10408163265	1059.00204081633
1631	3	1055.691	1077.914	1058.885	0.869	0.3528	0.3729	0	9	148	0.439	0.982	6	-521.846	1358.07556164384	1050.88378082192
1650	1	1090.74	1098.147	1091.805	NA	NA	NA	NA	300	300	1	1	2	-543.37	1392.82108108108	1089.78054054054
1650	2	1023.253	1038.069	1025.383	0.872	0	0	0	148	152	0.961	0.974	4	-507.627	1325.45808163265	1020.35604081633
1650	3	1017.053	1039.276	1020.248	0.921	0.1203	0.1365	0	2	151	0.708	0.978	6	-502.527	1319.43756164384	1012.24578082192
1675	1	1135.394	1142.802	1136.459	NA	NA	NA	NA	300	300	1	1	2	-565.697	1437.47508108108	1134.43454054054
1675	2	1029.707	1044.523	1031.837	0.936	0	0	0	144	156	0.984	0.989	4	-510.854	1331.91208163265	1026.81004081633
1675	3	1030.905	1053.128	1034.1	0.837	0.1323	0.1511	0.3333	12	144	0.381	0.99	6	-509.453	1333.28956164384	1026.09778082192
1693	1	1122.591	1129.999	1123.656	NA	NA	NA	NA	300	300	1	1	2	-559.296	1424.67308108108	1121.63254054054
1693	2	975.882	990.697	978.011	0.953	0	0	0	148	152	0.988	0.989	4	-483.941	1278.08608163265	972.984040816326
1693	3	973.214	995.436	976.408	0.972	0.008	0.0107	0.0323	1	151	0.954	0.991	6	-480.607	1275.59756164384	968.405780821918
1722	1	1306.743	1314.15	1307.807	NA	NA	NA	NA	300	300	1	1	2	-651.371	1608.82308108108	1305.78254054054
1722	2	1013.656	1028.471	1015.786	0.994	0	0	0	148	152	0.998	0.999	4	-502.828	1315.86008163265	1010.75804081633
1722	3	1013.732	1035.955	1016.926	0.984	0.0995	0.1174	0.1304	1	151	0.436	0.999	6	-500.866	1316.11556164384	1008.92378082192
1740	1	1272.224	1279.632	1273.289	NA	NA	NA	NA	300	300	1	1	2	-634.112	1574.30508108108	1271.26454054054
1740	2	1066.995	1081.81	1069.125	0.986	0	0	0	148	152	0.995	0.998	4	-529.498	1369.20008163265	1064.09804081633
1740	3	1050.848	1073.071	1054.042	0.985	1e-04	1e-04	0	3	149	0.796	0.997	6	-519.424	1353.23156164384	1046.03978082192
1754	1	1292.06	1299.468	1293.125	NA	NA	NA	NA	300	300	1	1	2	-644.03	1594.14108108108	1291.10054054054
1754	2	1085.409	1100.224	1087.539	0.978	0	0	0	147	153	0.992	0.996	4	-538.705	1387.61408163265	1082.51204081633
1754	3	1079.315	1101.538	1082.509	0.919	0.0082	0.0117	0	11	147	0.59	0.998	6	-533.658	1381.69956164384	1074.50778082192
1779	1	1284.442	1291.849	1285.507	NA	NA	NA	NA	300	300	1	1	2	-640.221	1586.52308108108	1283.48254054054
1779	2	1057.845	1072.66	1059.974	0.989	0	0	0	149	151	0.997	0.998	4	-524.922	1360.04808163265	1054.94604081633
1779	3	1058.465	1080.688	1061.66	0.886	0.2212	0.2479	0.3333	7	149	0.294	0.998	6	-523.233	1360.84956164384	1053.65778082192
1793	1	1300.466	1307.874	1301.531	NA	NA	NA	NA	300	300	1	1	2	-648.233	1602.54708108108	1299.50654054054
1793	2	1036.189	1051.005	1038.319	0.995	0	0	0	150	150	0.998	1	4	-514.095	1338.39408163265	1033.29204081633
1793	3	1023.254	1045.477	1026.448	0.889	0.0011	0.0019	0	22	150	0.625	1	6	-505.627	1325.63756164384	1018.44578082192
1808	1	121.667	125.045	118.786	NA	NA	NA	NA	40	40	1	1	2	-58.833	164.332666666667	120.999333333333
1808	2	123.839	130.595	118.078	0.602	0.396	0.4454	0.5	11	29	0.759	0.963	4	-57.92	167.604705882353	121.722352941176
1808	3	125.13	135.264	116.488	0.925	0.7294	0.7577	0.3333	11	16	0.956	0.998	6	-56.565	170.63	121.88
1821	1	125.449	128.826	122.568	NA	NA	NA	NA	40	40	1	1	2	-60.724	168.114666666667	124.781333333333
1821	2	125.33	132.086	119.569	0.774	0.1587	0.1964	0.2	12	28	0.939	0.95	4	-58.665	169.094705882353	123.212352941176
1821	3	125.808	135.941	117.166	0.896	0.6105	0.6479	0.1765	12	15	0.932	1	6	-56.904	171.308	122.558
1841	1	130.956	134.334	128.075	NA	NA	NA	NA	40	40	1	1	2	-63.478	173.622666666667	130.289333333333
1841	2	130.483	137.239	124.722	0.755	0.1653	0.2081	0.2	17	23	0.922	0.968	4	-61.242	174.248705882353	128.366352941176
1841	3	132.702	142.835	124.059	0.809	0.3386	0.378	0.5	11	17	0.845	0.996	6	-60.351	178.202	129.452
1862	1	121.667	125.045	118.786	NA	NA	NA	NA	40	40	1	1	2	-58.833	164.332666666667	120.999333333333
1862	2	123.839	130.595	118.078	0.602	0.396	0.4454	0.5	11	29	0.759	0.963	4	-57.92	167.604705882353	121.722352941176
1862	3	125.13	135.264	116.488	0.925	0.7294	0.7577	0.3333	11	16	0.956	0.998	6	-56.565	170.63	121.88
1872	1	125.449	128.826	122.568	NA	NA	NA	NA	40	40	1	1	2	-60.724	168.114666666667	124.781333333333
1872	2	125.33	132.086	119.569	0.774	0.1587	0.1964	0.2	12	28	0.939	0.95	4	-58.665	169.094705882353	123.212352941176
1872	3	125.808	135.941	117.166	0.896	0.6105	0.6479	0.1765	12	15	0.932	1	6	-56.904	171.308	122.558
1895	1	147.145	150.523	144.264	NA	NA	NA	NA	40	40	1	1	2	-71.572	189.810666666667	146.477333333333
1895	2	142.027	148.782	136.265	0.787	0.0266	0.0407	0.0128	17	23	0.834	0.994	4	-67.013	185.790705882353	139.908352941176
1895	3	141.851	151.984	133.208	0.837	0.0525	0.0676	0.2	7	17	0.777	0.993	6	-64.925	187.35	138.6
1922	1	125.449	128.826	122.568	NA	NA	NA	NA	40	40	1	1	2	-60.724	168.114666666667	124.781333333333
1922	2	125.33	132.086	119.569	0.774	0.1587	0.1964	0.2	12	28	0.939	0.95	4	-58.665	169.094705882353	123.212352941176
1922	3	125.808	135.941	117.166	0.896	0.6105	0.6479	0.1765	12	15	0.932	1	6	-56.904	171.308	122.558
1939	1	125.449	128.826	122.568	NA	NA	NA	NA	40	40	1	1	2	-60.724	168.114666666667	124.781333333333
1939	2	125.33	132.086	119.569	0.774	0.1587	0.1964	0.2	12	28	0.939	0.95	4	-58.665	169.094705882353	123.212352941176
1939	3	125.808	135.941	117.166	0.896	0.6105	0.6479	0.1765	12	15	0.932	1	6	-56.904	171.308	122.558
1967	1	139.194	142.571	136.313	NA	NA	NA	NA	40	40	1	1	2	-67.597	181.860666666667	138.527333333333
1967	2	127.532	134.288	121.77	0.91	7e-04	0.0019	0	18	22	0.945	0.999	4	-59.766	171.296705882353	125.414352941176
1967	3	131.279	141.413	122.637	0.846	0.5467	0.58	1	4	18	0.778	0.979	6	-59.64	176.78	128.03
1985	1	147.654	151.032	144.773	NA	NA	NA	NA	40	40	1	1	2	-71.827	190.320666666667	146.987333333333
1985	2	144.964	151.72	139.203	0.719	0.0639	0.0883	0.05	15	25	0.792	0.99	4	-68.482	188.728705882353	142.846352941176
1985	3	140.943	151.076	132.3	0.856	0.0259	0.0362	0.02	9	16	0.806	0.998	6	-64.471	186.442	137.692
2029	1	127.056	130.434	124.175	NA	NA	NA	NA	40	40	1	1	2	-61.528	169.722666666667	126.389333333333
2029	2	125.522	132.278	119.761	0.767	0.0636	0.0895	0.1463	10	30	0.82	0.99	4	-58.761	169.286705882353	123.404352941176
2029	3	128.528	138.661	119.885	0.829	0.7022	0.7315	1	9	21	0.859	0.987	6	-58.264	174.028	125.278
2044	1	139.194	142.571	136.313	NA	NA	NA	NA	40	40	1	1	2	-67.597	181.860666666667	138.527333333333
2044	2	127.532	134.288	121.77	0.91	7e-04	0.0019	0	18	22	0.945	0.999	4	-59.766	171.296705882353	125.414352941176
2044	3	131.279	141.413	122.637	0.846	0.5467	0.58	1	4	18	0.778	0.979	6	-59.64	176.78	128.03
2056	1	125.449	128.826	122.568	NA	NA	NA	NA	40	40	1	1	2	-60.724	168.114666666667	124.781333333333
2056	2	125.33	132.086	119.569	0.774	0.1587	0.1964	0.2	12	28	0.939	0.95	4	-58.665	169.094705882353	123.212352941176
2056	3	125.808	135.941	117.166	0.896	0.6105	0.6479	0.1765	12	15	0.932	1	6	-56.904	171.308	122.558
2087	1	139.194	142.571	136.313	NA	NA	NA	NA	40	40	1	1	2	-67.597	181.860666666667	138.527333333333
2087	2	127.532	134.288	121.77	0.91	7e-04	0.0019	0	18	22	0.945	0.999	4	-59.766	171.296705882353	125.414352941176
2087	3	131.279	141.413	122.637	0.846	0.5467	0.58	1	4	18	0.778	0.979	6	-59.64	176.78	128.03
2100	1	118.478	121.856	115.598	NA	NA	NA	NA	40	40	1	1	2	-57.239	161.144666666667	117.811333333333
2100	2	122.043	128.798	116.281	0.406	0.7345	0.7586	1	9	31	0.565	0.94	4	-57.021	165.806705882353	119.924352941176
2100	3	123.179	133.312	114.537	0.924	0.745	0.7744	0.2857	9	16	0.957	0.997	6	-55.59	168.68	119.93
2111	1	284.484	289.694	283.378	NA	NA	NA	NA	100	100	1	1	2	-140.242	386.734	283.609
2111	2	287.927	298.347	285.714	0.339	0.6654	0.691	1	24	76	0.545	0.921	4	-139.963	390.56429787234	285.24514893617
2111	3	281.17	296.801	277.852	0.955	0.4518	0.4825	0	24	40	0.978	0.999	6	-134.585	384.387391304348	276.778695652174
2126	1	294.32	299.53	293.213	NA	NA	NA	NA	100	100	1	1	2	-145.16	396.57	293.445
2126	2	298.008	308.429	295.796	0.263	0.8012	0.8181	1	31	69	0.569	0.887	4	-145.004	400.64629787234	295.32714893617
2126	3	294.487	310.118	291.169	0.907	0.4555	0.4895	0.0404	28	41	0.946	0.998	6	-141.244	397.705391304348	290.096695652174
2151	1	297.355	302.565	296.249	NA	NA	NA	NA	100	100	1	1	2	-146.678	399.606	296.481
2151	2	296.966	307.387	294.754	0.599	0.1255	0.1563	0.1333	37	63	0.819	0.953	4	-144.483	399.60429787234	294.28514893617
2151	3	293.594	309.225	290.276	0.932	0.4307	0.4588	0.0404	30	37	0.962	0.999	6	-140.797	396.811391304348	289.202695652174
2185	1	259.432	264.642	258.326	NA	NA	NA	NA	100	100	1	1	2	-127.716	361.682	258.557
2185	2	258.773	269.194	256.561	0.643	0.0916	0.116	0.0923	16	84	0.658	0.98	4	-125.387	361.41229787234	256.09314893617
2185	3	231.988	247.619	228.669	0.995	0.3642	0.3902	0	16	49	0.998	1	6	-109.994	335.205391304348	227.596695652174
2205	1	330.471	335.682	329.365	NA	NA	NA	NA	100	100	1	1	2	-163.236	432.722	329.597
2205	2	326.32	336.74	324.107	0.693	0.0548	0.0722	0.0303	41	59	0.892	0.955	4	-159.16	428.95829787234	323.63914893617
2205	3	320.993	336.624	317.675	0.808	0.0065	0.0099	0.02	29	41	0.817	0.997	6	-154.497	424.211391304348	316.602695652174
2248	1	284.484	289.694	283.378	NA	NA	NA	NA	100	100	1	1	2	-140.242	386.734	283.609
2248	2	287.927	298.347	285.714	0.339	0.6654	0.691	1	24	76	0.545	0.921	4	-139.963	390.56429787234	285.24514893617
2248	3	281.17	296.801	277.852	0.955	0.4518	0.4825	0	24	40	0.978	0.999	6	-134.585	384.387391304348	276.778695652174
2258	1	296.735	301.946	295.629	NA	NA	NA	NA	100	100	1	1	2	-146.368	398.986	295.861
2258	2	296.651	307.071	294.438	0.566	0.1269	0.1579	0.2143	30	70	0.717	0.968	4	-144.325	399.28829787234	293.96914893617
2258	3	292.515	308.146	289.196	0.94	0.4588	0.487	0	30	38	0.967	0.998	6	-140.257	395.731391304348	288.122695652174
2271	1	330.471	335.682	329.365	NA	NA	NA	NA	100	100	1	1	2	-163.236	432.722	329.597
2271	2	326.32	336.74	324.107	0.693	0.0548	0.0722	0.0303	41	59	0.892	0.955	4	-159.16	428.95829787234	323.63914893617
2271	3	320.993	336.624	317.675	0.808	0.0065	0.0099	0.02	29	41	0.817	0.997	6	-154.497	424.211391304348	316.602695652174
2314	1	331.297	336.507	330.19	NA	NA	NA	NA	100	100	1	1	2	-163.648	433.546	330.421
2314	2	315.497	325.918	313.285	0.797	1e-04	2e-04	0	39	61	0.82	0.996	4	-153.749	418.13629787234	312.81714893617
2314	3	317.954	333.585	314.636	0.786	0.2184	0.2436	0.6667	17	44	0.791	0.968	6	-152.977	421.171391304348	313.562695652174
2325	1	296.735	301.946	295.629	NA	NA	NA	NA	100	100	1	1	2	-146.368	398.986	295.861
2325	2	296.651	307.071	294.438	0.566	0.1269	0.1579	0.2143	30	70	0.717	0.968	4	-144.325	399.28829787234	293.96914893617
2325	3	292.515	308.146	289.196	0.94	0.4588	0.487	0	30	38	0.967	0.998	6	-140.257	395.731391304348	288.122695652174
2341	1	297.355	302.565	296.249	NA	NA	NA	NA	100	100	1	1	2	-146.678	399.606	296.481
2341	2	296.966	307.387	294.754	0.599	0.1255	0.1563	0.1333	37	63	0.819	0.953	4	-144.483	399.60429787234	294.28514893617
2341	3	293.594	309.225	290.276	0.932	0.4307	0.4588	0.0404	30	37	0.962	0.999	6	-140.797	396.811391304348	289.202695652174
2375	1	354.113	359.324	353.007	NA	NA	NA	NA	100	100	1	1	2	-175.057	456.364	353.239
2375	2	320.085	330.506	317.873	0.905	0	0	0	47	53	0.95	0.998	4	-156.043	422.72429787234	317.40514893617
2375	3	321.922	337.553	318.604	0.843	0.0762	0.0917	0.6667	11	47	0.768	0.99	6	-154.961	425.139391304348	317.530695652174
2380	1	331.297	336.507	330.19	NA	NA	NA	NA	100	100	1	1	2	-163.648	433.546	330.421
2380	2	315.497	325.918	313.285	0.797	1e-04	2e-04	0	39	61	0.82	0.996	4	-153.749	418.13629787234	312.81714893617
2380	3	317.954	333.585	314.636	0.786	0.2184	0.2436	0.6667	17	44	0.791	0.968	6	-152.977	421.171391304348	313.562695652174
2391	1	252.96	258.17	251.853	NA	NA	NA	NA	100	100	1	1	2	-124.48	355.21	252.085
2391	2	256.637	267.058	254.425	0.858	0.5694	0.5878	1	2	98	0.341	0.991	4	-124.319	359.27629787234	253.95714893617
2391	3	234.548	250.179	231.229	0.992	0.37	0.3984	0	14	48	0.997	1	6	-111.274	337.765391304348	230.156695652174
2401	1	962.236	969.644	963.301	NA	NA	NA	NA	300	300	1	1	2	-479.118	1264.31708108108	961.276540540541
2401	2	900.135	914.95	902.265	0.815	0	0	0	130	170	0.868	0.996	4	-446.068	1202.34008163265	897.238040816326
2401	3	898.018	920.241	901.212	0.847	0.1707	0.1894	0.051	50	130	0.864	0.984	6	-443.009	1200.40156164384	893.209780821918
2432	1	856.358	863.766	857.423	NA	NA	NA	NA	300	300	1	1	2	-426.179	1158.43908108108	855.39854054054
2432	2	848.824	863.639	850.953	0.56	0.0026	0.0043	0	96	204	0.733	0.966	4	-420.412	1151.02808163265	845.926040816326
2432	3	807.652	829.875	810.846	0.974	0.1239	0.1407	0	96	103	0.988	0.999	6	-397.826	1110.03556164384	802.843780821918
2448	1	815.231	822.639	816.296	NA	NA	NA	NA	300	300	1	1	2	-405.616	1117.31308108108	814.27254054054
2448	2	819.047	833.862	821.176	0.176	0.8362	0.847	1	88	212	0.502	0.855	4	-405.523	1121.25008163265	816.148040816327
2448	3	768.937	791.16	772.132	0.98	0.1188	0.1358	0	79	133	0.993	1	6	-378.469	1071.32156164384	764.129780821918
2466	1	962.236	969.644	963.301	NA	NA	NA	NA	300	300	1	1	2	-479.118	1264.31708108108	961.276540540541
2466	2	900.135	914.95	902.265	0.815	0	0	0	130	170	0.868	0.996	4	-446.068	1202.34008163265	897.238040816326
2466	3	898.018	920.241	901.212	0.847	0.1707	0.1894	0.051	50	130	0.864	0.984	6	-443.009	1200.40156164384	893.209780821918
2505	1	823.755	831.163	824.82	NA	NA	NA	NA	300	300	1	1	2	-409.877	1125.83508108108	822.794540540541
2505	2	824.178	838.993	826.307	0.562	0.0811	0.0976	1	46	254	0.587	0.936	4	-408.089	1126.38208163265	821.280040816327
2505	3	805.072	827.295	808.266	0.932	0.171	0.1909	0	46	140	0.962	0.998	6	-396.536	1107.45556164384	800.263780821918
2523	1	962.236	969.644	963.301	NA	NA	NA	NA	300	300	1	1	2	-479.118	1264.31708108108	961.276540540541
2523	2	900.135	914.95	902.265	0.815	0	0	0	130	170	0.868	0.996	4	-446.068	1202.34008163265	897.238040816326
2523	3	898.018	920.241	901.212	0.847	0.1707	0.1894	0.051	50	130	0.864	0.984	6	-443.009	1200.40156164384	893.209780821918
2556	1	812.936	820.344	814.001	NA	NA	NA	NA	300	300	1	1	2	-404.468	1115.01708108108	811.976540540541
2556	2	812.835	827.65	814.964	0.539	0.0686	0.0834	1	68	232	0.716	0.904	4	-402.417	1115.03808163265	809.936040816326
2556	3	759.305	781.527	762.499	0.983	0.1174	0.1343	0	68	128	0.994	1	6	-373.652	1061.68756164384	754.495780821918
2572	1	962.236	969.644	963.301	NA	NA	NA	NA	300	300	1	1	2	-479.118	1264.31708108108	961.276540540541
2572	2	900.135	914.95	902.265	0.815	0	0	0	130	170	0.868	0.996	4	-446.068	1202.34008163265	897.238040816326
2572	3	898.018	920.241	901.212	0.847	0.1707	0.1894	0.051	50	130	0.864	0.984	6	-443.009	1200.40156164384	893.209780821918
2606	1	962.236	969.644	963.301	NA	NA	NA	NA	300	300	1	1	2	-479.118	1264.31708108108	961.276540540541
2606	2	900.135	914.95	902.265	0.815	0	0	0	130	170	0.868	0.996	4	-446.068	1202.34008163265	897.238040816326
2606	3	898.018	920.241	901.212	0.847	0.1707	0.1894	0.051	50	130	0.864	0.984	6	-443.009	1200.40156164384	893.209780821918
2643	1	962.236	969.644	963.301	NA	NA	NA	NA	300	300	1	1	2	-479.118	1264.31708108108	961.276540540541
2643	2	900.135	914.95	902.265	0.815	0	0	0	130	170	0.868	0.996	4	-446.068	1202.34008163265	897.238040816326
2643	3	898.018	920.241	901.212	0.847	0.1707	0.1894	0.051	50	130	0.864	0.984	6	-443.009	1200.40156164384	893.209780821918
2679	1	962.236	969.644	963.301	NA	NA	NA	NA	300	300	1	1	2	-479.118	1264.31708108108	961.276540540541
2679	2	900.135	914.95	902.265	0.815	0	0	0	130	170	0.868	0.996	4	-446.068	1202.34008163265	897.238040816326
2679	3	898.018	920.241	901.212	0.847	0.1707	0.1894	0.051	50	130	0.864	0.984	6	-443.009	1200.40156164384	893.209780821918
