11	1	124.688	128.066	121.807	NA	NA	NA	NA	40	40	1	1	2	-60.344	167.354666666667	124.021333333333
11	2	124.292	131.048	118.531	0.786	0.0678	0.0907	0.2	6	34	0.76	0.983	4	-58.146	168.056705882353	122.174352941176
11	3	126.857	136.99	118.214	0.712	0.6244	0.6597	1	5	19	0.848	0.924	6	-57.428	172.356	123.606
35	1	122.292	125.67	119.411	NA	NA	NA	NA	40	40	1	1	2	-59.146	164.958666666667	121.625333333333
35	2	125.88	132.635	120.118	0.416	0.8784	0.8942	1	16	24	0.736	0.875	4	-58.94	169.644705882353	123.762352941176
35	3	127.629	137.762	118.987	0.792	0.2473	0.2829	0.3077	3	24	0.748	0.939	6	-57.815	173.13	124.38
45	1	122.863	126.241	119.982	NA	NA	NA	NA	40	40	1	1	2	-59.431	165.528666666667	122.195333333333
45	2	122.752	129.507	116.99	0.738	0.208	0.2548	0.2	17	23	0.917	0.938	4	-57.376	166.516705882353	120.634352941176
45	3	126.167	136.301	117.525	0.812	0.4121	0.4386	0.5	1	23	0.679	0.962	6	-57.084	171.668	122.918
69	1	142.875	146.252	139.994	NA	NA	NA	NA	40	40	1	1	2	-69.437	185.540666666667	142.207333333333
69	2	142.067	148.822	136.305	0.812	0.0908	0.1152	0.2	6	34	0.838	0.969	4	-67.033	185.830705882353	139.948352941176
69	3	143.16	153.293	134.517	0.792	0.4789	0.5268	0.2083	4	20	0.885	0.923	6	-65.58	188.66	139.91
99	1	129.452	132.83	126.572	NA	NA	NA	NA	40	40	1	1	2	-62.726	172.118666666667	128.785333333333
99	2	126.913	133.669	121.152	0.873	0.0111	0.0176	0.0505	7	33	0.909	0.991	4	-59.457	170.678705882353	124.796352941176
99	3	123.609	133.742	114.966	0.858	0.067	0.0963	0.04	7	18	0.897	0.999	6	-55.804	169.108	120.358
153	1	158.182	161.559	155.301	NA	NA	NA	NA	40	40	1	1	2	-77.091	200.848666666667	157.515333333333
153	2	152.369	159.124	146.607	0.851	0.0186	0.03	0	20	20	0.947	0.972	4	-72.184	196.132705882353	150.250352941176
153	3	155.286	165.419	146.644	0.799	0.6898	0.7131	1	7	19	0.699	0.984	6	-71.643	200.786	152.036
170	1	171.542	174.92	168.661	NA	NA	NA	NA	40	40	1	1	2	-83.771	214.208666666667	170.875333333333
170	2	165.32	172.075	159.558	0.858	0.0086	0.0156	0	20	20	0.949	0.967	4	-78.66	209.084705882353	163.202352941176
170	3	168.939	179.072	160.296	0.713	0.7605	0.7798	1	7	18	0.566	0.941	6	-78.469	214.438	165.688
186	1	156.551	159.929	153.67	NA	NA	NA	NA	40	40	1	1	2	-76.275	199.216666666667	155.883333333333
186	2	155.204	161.96	149.443	0.76	0.3892	0.4305	0.2	19	21	0.898	0.954	4	-73.602	198.968705882353	153.086352941176
186	3	154.252	164.385	145.61	0.9	0.0229	0.0324	0.1463	1	20	0.945	0.986	6	-71.126	199.752	151.002
213	1	181.48	184.858	178.599	NA	NA	NA	NA	40	40	1	1	2	-88.74	224.146666666667	180.813333333333
213	2	173.137	179.893	167.376	0.883	0.0081	0.0146	0	19	21	0.96	0.97	4	-82.569	216.902705882353	171.020352941176
213	3	174.851	184.984	166.208	0.799	0.3323	0.3751	0.5	9	18	0.785	0.989	6	-81.425	220.35	171.6
231	1	170.991	174.369	168.11	NA	NA	NA	NA	40	40	1	1	2	-83.495	213.656666666667	170.323333333333
231	2	162.702	169.457	156.94	0.915	0.0061	0.0108	0	18	22	0.981	0.985	4	-77.351	206.466705882353	160.584352941176
231	3	163.432	173.565	154.79	0.855	0.1622	0.1982	0.2	9	21	0.834	0.98	6	-75.716	208.932	160.182
256	1	181.917	185.294	179.036	NA	NA	NA	NA	40	40	1	1	2	-88.958	224.582666666667	181.249333333333
256	2	160.943	167.699	155.182	0.985	5e-04	0.0011	0	19	21	0.995	1	4	-76.472	204.708705882353	158.826352941176
256	3	163.584	173.717	154.942	0.924	0.2957	0.3299	1	1	20	0.442	0.998	6	-75.792	209.084	160.334
269	1	171.778	175.156	168.897	NA	NA	NA	NA	40	40	1	1	2	-83.889	214.444666666667	171.111333333333
269	2	162.752	169.507	156.99	0.937	0.0032	0.0063	0	19	21	0.985	0.992	4	-77.376	206.516705882353	160.634352941176
269	3	165.715	175.848	157.072	0.818	0.4608	0.4963	1	6	19	0.758	0.996	6	-76.857	211.214	162.464
290	1	175.866	179.244	172.986	NA	NA	NA	NA	40	40	1	1	2	-85.933	218.532666666667	175.199333333333
290	2	171.724	178.48	165.962	0.789	0.0331	0.0504	0.02	19	21	0.93	0.931	4	-81.862	215.488705882353	169.606352941176
290	3	173.013	183.147	164.371	0.818	0.2464	0.2937	0.2353	8	17	0.758	0.985	6	-80.507	218.514	169.764
329	1	306.882	312.093	305.776	NA	NA	NA	NA	100	100	1	1	2	-151.441	409.132	306.007
329	2	310.325	320.745	308.112	0.487	0.6818	0.7034	1	14	86	0.477	0.951	4	-151.162	412.96229787234	307.64314893617
329	3	310.127	325.758	306.809	0.743	0.119	0.1461	0.3333	13	70	0.726	0.939	6	-149.064	413.345391304348	305.736695652174
346	1	313.72	318.93	312.614	NA	NA	NA	NA	100	100	1	1	2	-154.86	415.97	312.845
346	2	316.929	327.35	314.717	0.918	0.345	0.3698	1	1	99	0.362	0.998	4	-154.464	419.56629787234	314.24714893617
346	3	318.376	334.007	315.057	0.688	0.3273	0.371	0.6	1	54	0.581	0.885	6	-153.188	421.593391304348	313.984695652174
362	1	330.549	335.759	329.443	NA	NA	NA	NA	100	100	1	1	2	-163.275	432.8	329.675
362	2	333.096	343.517	330.884	0.515	0.8198	0.8356	0.6667	35	65	0.777	0.905	4	-162.548	435.73429787234	330.41514893617
362	3	332.472	348.103	329.153	0.781	0.0718	0.0815	0.0845	1	56	0.892	0.937	6	-160.236	435.689391304348	328.080695652174
394	1	312.473	317.684	311.367	NA	NA	NA	NA	100	100	1	1	2	-154.237	414.724	311.599
394	2	314.556	324.977	312.344	0.77	0.2112	0.239	0.6667	5	95	0.44	0.984	4	-153.278	417.19429787234	311.87514893617
394	3	318.067	333.698	314.749	0.629	0.9181	0.9253	1	9	82	0.444	0.952	6	-153.034	421.285391304348	313.676695652174
406	1	381.191	386.401	380.084	NA	NA	NA	NA	100	100	1	1	2	-188.595	483.44	380.315
406	2	381.139	391.56	378.927	0.64	0.5099	0.5425	0.2143	45	55	0.868	0.937	4	-186.57	483.77829787234	378.45914893617
406	3	379.686	395.317	376.367	0.845	0.0193	0.0251	0.0822	1	54	0.821	0.954	6	-183.843	482.903391304348	375.294695652174
437	1	401.688	406.898	400.582	NA	NA	NA	NA	100	100	1	1	2	-198.844	503.938	400.813
437	2	394.166	404.587	391.954	0.728	0.0035	0.0063	0	42	58	0.899	0.946	4	-193.083	496.80429787234	391.48514893617
437	3	396.553	412.184	393.234	0.678	0.5208	0.561	0.6667	30	37	0.748	0.912	6	-192.276	499.769391304348	392.160695652174
450	1	377.197	382.407	376.091	NA	NA	NA	NA	100	100	1	1	2	-186.598	479.446	376.321
450	2	357.876	368.297	355.664	0.854	1e-04	2e-04	0	49	51	0.956	0.966	4	-174.938	460.51429787234	355.19514893617
450	3	359.157	374.788	355.838	0.758	0.2114	0.244	0.3333	16	47	0.72	0.962	6	-173.578	462.373391304348	354.764695652174
463	1	381.496	386.706	380.39	NA	NA	NA	NA	100	100	1	1	2	-188.748	483.746	380.621
463	2	377.598	388.018	375.385	0.68	0.0223	0.0332	0.0303	50	50	0.907	0.907	4	-184.799	480.23629787234	374.91714893617
463	3	381.317	396.948	377.999	0.556	0.8272	0.8395	1	23	45	0.656	0.917	6	-184.659	484.535391304348	376.926695652174
489	1	385.736	390.946	384.63	NA	NA	NA	NA	100	100	1	1	2	-190.868	487.986	384.861
489	2	372.05	382.47	369.837	0.823	4e-04	0.001	0	50	50	0.956	0.956	4	-182.025	474.68829787234	369.36914893617
489	3	375.792	391.423	372.474	0.871	0.5932	0.6099	0.6667	1	50	0.531	0.963	6	-181.896	479.009391304348	371.400695652174
503	1	453.129	458.339	452.023	NA	NA	NA	NA	100	100	1	1	2	-224.564	555.378	452.253
503	2	425.196	435.617	422.984	0.887	0	0	0	48	52	0.961	0.974	4	-208.598	527.83429787234	422.51514893617
503	3	428.016	443.647	424.697	0.787	0.5794	0.61	0.5	11	45	0.569	0.977	6	-208.008	531.233391304348	423.624695652174
515	1	448.45	453.66	447.344	NA	NA	NA	NA	100	100	1	1	2	-222.225	550.7	447.575
515	2	393.044	403.464	390.831	0.978	0	0	0	49	51	0.994	0.997	4	-192.522	495.68229787234	390.36314893617
515	3	394.985	410.616	391.667	0.836	0.2716	0.3031	0.5	8	49	0.515	0.999	6	-191.493	498.203391304348	390.594695652174
534	1	443.022	448.232	441.916	NA	NA	NA	NA	100	100	1	1	2	-219.511	545.272	442.147
534	2	408.518	418.938	406.305	0.91	0	0	0	49	51	0.971	0.976	4	-200.259	511.15629787234	405.83714893617
534	3	409.513	425.144	406.194	0.792	0.3951	0.4325	0.2174	19	44	0.727	0.969	6	-198.756	512.729391304348	405.120695652174
551	1	460.913	466.123	459.806	NA	NA	NA	NA	100	100	1	1	2	-228.456	563.162	460.037
551	2	412.948	423.369	410.736	0.955	0	0	0	49	51	0.987	0.988	4	-202.474	515.58629787234	410.26714893617
551	3	414.109	429.74	410.791	0.958	0.0845	0.1003	0.2	1	50	0.652	0.996	6	-201.055	517.327391304348	409.718695652174
564	1	438.01	443.22	436.904	NA	NA	NA	NA	100	100	1	1	2	-217.005	540.26	437.135
564	2	425.907	436.328	423.695	0.814	5e-04	0.0012	0	50	50	0.947	0.958	4	-208.954	528.54629787234	423.22714893617
564	3	429.779	445.41	426.46	0.854	0.6962	0.7075	1	0	50	0	0.964	6	-208.889	532.995391304348	425.386695652174
579	1	434.855	440.065	433.749	NA	NA	NA	NA	100	100	1	1	2	-215.428	537.106	433.981
579	2	400.063	410.484	397.851	0.92	0	0	0	49	51	0.974	0.982	4	-196.032	502.70229787234	397.38314893617
579	3	403.344	418.975	400.026	0.801	0.7177	0.7323	1	9	49	0.501	0.977	6	-195.672	506.561391304348	398.952695652174
596	1	431.528	436.738	430.422	NA	NA	NA	NA	100	100	1	1	2	-213.764	533.778	430.653
596	2	412.301	422.722	410.089	0.864	0	0	0	48	52	0.955	0.97	4	-202.151	514.94029787234	409.62114893617
596	3	416.171	431.802	412.853	0.639	0.8634	0.8713	0.6667	25	48	0.62	0.97	6	-202.086	519.389391304348	411.780695652174
614	1	918.959	926.366	920.023	NA	NA	NA	NA	300	300	1	1	2	-457.479	1221.03908108108	917.99854054054
614	2	921.659	936.474	923.788	0.922	0.3009	0.3259	1	1	299	0.155	0.999	4	-456.829	1223.86208163265	918.760040816327
614	3	924.266	946.489	927.461	0.599	0.8406	0.858	1	12	205	0.504	0.89	6	-456.133	1226.64956164384	919.457780821918
631	1	891.045	898.453	892.11	NA	NA	NA	NA	300	300	1	1	2	-443.523	1193.12708108108	890.086540540541
631	2	894.185	909	896.315	0.336	0.6961	0.7171	1	88	212	0.61	0.876	4	-443.093	1196.39008163265	891.288040816327
631	3	894.221	916.444	897.416	0.656	0.0987	0.1168	0.6667	13	209	0.478	0.92	6	-441.111	1196.60556164384	889.413780821918
646	1	903.963	911.371	905.028	NA	NA	NA	NA	300	300	1	1	2	-449.982	1206.04508108108	903.004540540541
646	2	905.241	920.057	907.371	0.511	0.1661	0.1905	1	35	265	0.428	0.957	4	-448.621	1207.44608163265	902.344040816326
646	3	907.311	929.534	910.505	0.568	0.4456	0.4815	0.6667	28	176	0.667	0.834	6	-447.655	1209.69356164384	902.501780821918
664	1	976.003	983.41	977.068	NA	NA	NA	NA	300	300	1	1	2	-486.001	1278.08308108108	975.04254054054
664	2	975.783	990.598	977.913	0.442	0.1397	0.1662	1	133	167	0.794	0.849	4	-483.892	1277.98808163265	972.886040816326
664	3	979.696	1001.918	982.89	0.369	0.962	0.964	1	76	116	0.564	0.773	6	-483.848	1282.07956164384	974.887780821918
681	1	938.808	946.215	939.872	NA	NA	NA	NA	300	300	1	1	2	-467.404	1240.88908108108	937.848540540541
681	2	940.731	955.547	942.861	0.354	0.3577	0.3901	1	127	173	0.731	0.833	4	-466.366	1242.93608163265	937.834040816326
681	3	938.292	960.514	941.486	0.677	0.1093	0.1324	0.0404	52	169	0.777	0.882	6	-463.146	1240.67556164384	933.483780821918
731	1	1181.641	1189.049	1182.706	NA	NA	NA	NA	300	300	1	1	2	-588.821	1483.72308108108	1180.68254054054
731	2	1159.154	1173.97	1161.284	0.692	0	0	0	150	150	0.901	0.917	4	-575.577	1461.35808163265	1156.25604081633
731	3	1161.959	1184.182	1165.154	0.577	0.6336	0.6576	1	73	118	0.573	0.892	6	-574.98	1464.34356164384	1157.15178082192
749	1	1172.994	1180.401	1174.058	NA	NA	NA	NA	300	300	1	1	2	-584.497	1475.07508108108	1172.03454054054
749	2	1165.943	1180.758	1168.073	0.603	0.0902	0.1066	0	147	153	0.872	0.899	4	-578.972	1468.14808163265	1163.04604081633
749	3	1155.989	1178.211	1159.183	0.805	0.0043	0.0061	0	13	147	0.746	0.928	6	-571.994	1458.37156164384	1151.17978082192
769	1	1192.131	1199.538	1193.195	NA	NA	NA	NA	300	300	1	1	2	-594.065	1494.21108108108	1191.17054054054
769	2	1177.681	1192.496	1179.81	0.633	1e-04	2e-04	0	136	164	0.869	0.907	4	-584.84	1479.88408163265	1174.78204081633
769	3	1180.342	1202.565	1183.536	0.569	0.6165	0.6458	1	93	109	0.66	0.86	6	-584.171	1482.72556164384	1175.53378082192
787	1	1175.95	1183.358	1177.015	NA	NA	NA	NA	300	300	1	1	2	-585.975	1478.03108108108	1174.99054054054
787	2	1151.236	1166.051	1153.365	0.724	0	0	0	143	157	0.914	0.934	4	-571.618	1453.44008163265	1148.33804081633
787	3	1153.877	1176.1	1157.072	0.622	0.5685	0.5911	1	56	132	0.664	0.932	6	-570.939	1456.26156164384	1149.06978082192
804	1	1329.151	1336.558	1330.215	NA	NA	NA	NA	300	300	1	1	2	-662.575	1631.23108108108	1328.19054054054
804	2	1242.047	1256.863	1244.177	0.895	0	0	0	149	151	0.968	0.979	4	-617.024	1544.25208163265	1239.15004081633
804	3	1245.617	1267.84	1248.811	0.713	0.7582	0.7734	1	23	151	0.292	0.979	6	-616.808	1547.99956164384	1240.80778082192
823	1	1332.289	1339.697	1333.354	NA	NA	NA	NA	300	300	1	1	2	-664.145	1634.37108108108	1331.33054054054
823	2	1278.368	1293.183	1280.497	0.831	0	0	0	147	153	0.948	0.96	4	-635.184	1580.57208163265	1275.47004081633
823	3	1279.836	1302.059	1283.03	0.68	0.2602	0.2901	0.6667	54	140	0.649	0.956	6	-633.918	1582.21956164384	1275.02778082192
842	1	1312.963	1320.37	1314.027	NA	NA	NA	NA	300	300	1	1	2	-654.481	1615.04308108108	1312.00254054054
842	2	1226.293	1241.108	1228.423	0.895	0	0	0	143	157	0.967	0.977	4	-609.147	1528.49808163265	1223.39604081633
842	3	1230.135	1252.358	1233.329	0.761	0.8684	0.8765	1	1	158	0.014	0.985	6	-609.068	1532.51956164384	1225.32778082192
862	1	1308.514	1315.921	1309.578	NA	NA	NA	NA	300	300	1	1	2	-652.257	1610.59508108108	1307.55454054054
862	2	1237.004	1251.819	1239.133	0.866	0	0	0	146	154	0.953	0.976	4	-614.502	1539.20808163265	1234.10604081633
862	3	1238.078	1260.301	1241.272	0.699	0.3573	0.3878	0.6667	46	144	0.577	0.972	6	-613.039	1540.46156164384	1233.26978082192
880	1	1308.454	1315.861	1309.519	NA	NA	NA	NA	300	300	1	1	2	-652.227	1610.53508108108	1307.49454054054
880	2	1227.343	1242.158	1229.473	0.881	0	0	0	145	155	0.961	0.975	4	-609.672	1529.54808163265	1224.44604081633
880	3	1225.606	1247.829	1228.8	0.741	0.0446	0.057	0.08	73	140	0.734	0.981	6	-606.803	1527.98956164384	1220.79778082192
925	1	90.758	94.136	87.877	NA	NA	NA	NA	40	40	1	1	2	-43.379	133.424666666667	90.0913333333333
925	2	86.479	93.234	80.717	0.984	0.001	0.002	0.0204	2	38	0.979	0.999	4	-39.239	130.242705882353	84.3603529411765
925	3	88.677	98.81	80.034	0.736	0.626	0.6711	0.6	2	21	0.841	1	6	-38.338	134.176	85.426
960	1	112.245	115.623	109.365	NA	NA	NA	NA	40	40	1	1	2	-54.123	154.912666666667	111.579333333333
960	2	114.237	120.993	108.476	0.57	0.411	0.4593	0.5	20	20	0.852	0.884	4	-53.119	158.002705882353	112.120352941176
960	3	114.632	124.765	105.99	0.805	0.2423	0.2876	0.4286	9	19	0.876	0.937	6	-51.316	160.132	111.382
970	1	105.77	109.147	102.889	NA	NA	NA	NA	40	40	1	1	2	-50.885	148.436666666667	105.103333333333
970	2	102.323	109.078	96.561	0.858	0.0648	0.0877	0.03	11	29	0.958	0.975	4	-47.161	146.086705882353	100.204352941176
970	3	103.915	114.048	95.273	0.9	0.469	0.5003	0.375	3	26	0.832	0.996	6	-45.957	149.414	100.664
1008	1	159.737	163.114	156.856	NA	NA	NA	NA	40	40	1	1	2	-77.868	202.402666666667	159.069333333333
1008	2	146.889	153.644	141.127	0.955	3e-04	8e-04	0	19	21	0.983	0.997	4	-69.444	190.652705882353	144.770352941176
1008	3	150.769	160.903	142.127	0.773	0.8645	0.8713	1	3	19	0.418	0.999	6	-69.385	196.27	147.52
1020	1	152.671	156.049	149.79	NA	NA	NA	NA	40	40	1	1	2	-74.335	195.336666666667	152.003333333333
1020	2	137.227	143.983	131.465	0.958	0.0121	0.0196	0	20	20	0.978	0.997	4	-64.614	180.992705882353	135.110352941176
1020	3	139.032	149.165	130.39	0.97	0.2085	0.2363	0.4286	1	20	0.953	0.995	6	-63.516	184.532	135.782
1033	1	153.295	156.673	150.414	NA	NA	NA	NA	40	40	1	1	2	-74.648	195.962666666667	152.629333333333
1033	2	150.223	156.978	144.461	0.796	0.0561	0.0803	0.04	19	21	0.923	0.964	4	-71.111	193.986705882353	148.104352941176
1033	3	151.135	161.269	142.493	0.819	0.1517	0.1886	0.3333	10	18	0.865	0.99	6	-69.568	196.636	147.886
1065	1	145.22	148.598	142.339	NA	NA	NA	NA	40	40	1	1	2	-70.61	187.886666666667	144.553333333333
1065	2	132.981	139.737	127.22	0.898	0.0037	0.0069	0	18	22	0.971	0.976	4	-62.491	176.746705882353	130.864352941176
1065	3	132.732	142.865	124.09	0.882	0.1654	0.2042	0.0984	6	18	0.775	0.995	6	-60.366	178.232	129.482
1094	1	142.405	145.783	139.525	NA	NA	NA	NA	40	40	1	1	2	-69.203	185.072666666667	141.739333333333
1094	2	119.714	126.469	113.952	0.966	2e-04	5e-04	0	19	21	0.992	0.994	4	-55.857	163.478705882353	117.596352941176
1094	3	121.307	131.44	112.664	0.914	0.31	0.3514	0.3333	5	19	0.923	0.982	6	-54.653	166.806	118.056
1108	1	175.363	178.741	172.482	NA	NA	NA	NA	40	40	1	1	2	-85.681	218.028666666667	174.695333333333
1108	2	151.597	158.353	145.836	0.998	0.0153	0.0233	0	20	20	1	1	4	-71.799	195.362705882353	149.480352941176
1108	3	148.706	158.839	140.064	0.936	0.1296	0.1574	0	3	20	0.728	1	6	-68.353	194.206	145.456
1138	1	176.601	179.979	173.721	NA	NA	NA	NA	40	40	1	1	2	-86.301	219.268666666667	175.935333333333
1138	2	140.355	147.111	134.594	1	7e-04	0.0015	0	20	20	1	1	4	-66.178	184.120705882353	138.238352941176
1138	3	135.871	146.004	127.229	0.974	0.1309	0.1536	0	4	20	0.957	1	6	-61.935	181.37	132.62
1155	1	178.572	181.95	175.691	NA	NA	NA	NA	40	40	1	1	2	-87.286	221.238666666667	177.905333333333
1155	2	169.236	175.991	163.474	0.928	0.004	0.0075	0	20	20	0.981	0.989	4	-80.618	213.000705882353	167.118352941176
1155	3	169.723	179.857	161.081	0.913	0.2481	0.2868	0.1071	6	20	0.934	0.998	6	-78.862	215.224	166.474
1193	1	170.027	173.405	167.147	NA	NA	NA	NA	40	40	1	1	2	-83.014	212.694666666667	169.361333333333
1193	2	143.929	150.684	138.167	0.997	0	0	0	20	20	0.999	1	4	-67.964	187.692705882353	141.810352941176
1193	3	147.883	158.016	139.241	0.844	0.8529	0.8572	1	0	20	0	1	6	-67.941	193.382	144.632
1209	1	272.19	277.4	271.084	NA	NA	NA	NA	100	100	1	1	2	-134.095	374.44	271.315
1209	2	267.538	277.959	265.326	0.754	0.0138	0.0205	0.03	15	85	0.742	0.972	4	-129.769	370.17629787234	264.85714893617
1209	3	270.961	286.592	267.642	0.627	0.645	0.6668	0.6667	8	67	0.627	0.91	6	-129.48	374.177391304348	266.568695652174
1240	1	257.969	263.179	256.863	NA	NA	NA	NA	100	100	1	1	2	-126.985	360.22	257.095
1240	2	253.843	264.263	251.63	0.996	0.0038	0.0056	0.03	1	99	0.961	1	4	-122.921	356.48029787234	251.16114893617
1240	3	256.21	271.841	252.892	0.729	0.3968	0.4298	0.6667	1	82	0.609	0.995	6	-122.105	359.427391304348	251.818695652174
1265	1	270.707	275.918	269.601	NA	NA	NA	NA	100	100	1	1	2	-133.354	372.958	269.833
1265	2	270.371	280.792	268.159	0.577	0.1152	0.1439	0.1765	39	61	0.825	0.895	4	-131.186	373.01029787234	267.69114893617
1265	3	273.423	289.054	270.104	0.603	0.7101	0.7373	0.6667	26	41	0.765	0.862	6	-130.711	376.639391304348	269.030695652174
1281	1	222.443	227.653	221.337	NA	NA	NA	NA	100	100	1	1	2	-109.222	324.694	221.569
1281	2	224.337	234.758	222.125	0.608	0.1986	0.2288	0.6667	13	87	0.553	0.961	4	-108.169	326.97629787234	221.65714893617
1281	3	226.096	241.727	222.778	0.667	0.4141	0.4579	0.3333	12	60	0.786	0.885	6	-107.048	329.313391304348	221.704695652174
1298	1	285.959	291.169	284.853	NA	NA	NA	NA	100	100	1	1	2	-140.98	388.21	285.085
1298	2	285.494	295.915	283.282	0.623	0.3536	0.3909	0.1053	31	69	0.824	0.923	4	-138.747	388.13229787234	282.81314893617
1298	3	287.416	303.047	284.097	0.801	0.2461	0.2657	0.3077	1	67	0.824	0.938	6	-137.708	390.633391304348	283.024695652174
1326	1	378.331	383.542	377.225	NA	NA	NA	NA	100	100	1	1	2	-187.166	480.582	377.457
1326	2	354.935	365.356	352.723	0.882	0	0	0	48	52	0.954	0.982	4	-173.468	457.57429787234	352.25514893617
1326	3	358.341	373.972	355.022	0.697	0.6643	0.688	0.6667	24	48	0.679	0.979	6	-173.17	461.557391304348	353.948695652174
1342	1	367.115	372.326	366.009	NA	NA	NA	NA	100	100	1	1	2	-181.558	469.366	366.241
1342	2	319.281	329.702	317.069	0.957	0	0	0	47	53	0.985	0.994	4	-155.64	421.91829787234	316.59914893617
1342	3	323.128	338.759	319.81	0.864	0.9607	0.9635	1	0	53	0	0.997	6	-155.564	426.345391304348	318.736695652174
1356	1	373.464	378.674	372.358	NA	NA	NA	NA	100	100	1	1	2	-184.732	475.714	372.589
1356	2	342.947	353.368	340.735	0.899	0	0	0	49	51	0.969	0.977	4	-167.474	445.58629787234	340.26714893617
1356	3	345.631	361.262	342.313	0.787	0.6491	0.6761	0.6	11	45	0.564	0.963	6	-166.816	448.849391304348	341.240695652174
1371	1	377.807	383.017	376.701	NA	NA	NA	NA	100	100	1	1	2	-186.903	480.056	376.931
1371	2	338.69	349.111	336.478	0.952	0	0	0	48	52	0.99	0.991	4	-165.345	441.32829787234	336.00914893617
1371	3	340.333	355.964	337.014	0.776	0.3103	0.3452	0.3333	22	48	0.76	0.998	6	-164.166	443.549391304348	335.940695652174
1383	1	376.626	381.836	375.519	NA	NA	NA	NA	100	100	1	1	2	-186.313	478.876	375.751
1383	2	349.447	359.867	347.234	0.889	0	0	0	45	55	0.958	0.981	4	-170.723	452.08429787234	346.76514893617
1383	3	350.676	366.307	347.358	0.764	0.2787	0.3131	0.3333	13	44	0.613	0.977	6	-169.338	453.893391304348	346.284695652174
1400	1	380.573	385.784	379.467	NA	NA	NA	NA	100	100	1	1	2	-188.287	482.824	379.699
1400	2	356.187	366.607	353.974	0.869	0	0	0	46	54	0.963	0.963	4	-174.093	458.82429787234	353.50514893617
1400	3	355.24	370.871	351.921	0.798	0.115	0.1422	0.1111	25	50	0.792	0.979	6	-171.62	458.457391304348	350.848695652174
1432	1	438.179	443.389	437.073	NA	NA	NA	NA	100	100	1	1	2	-217.09	540.43	437.305
1432	2	375.67	386.091	373.458	0.974	0	0	0	50	50	0.989	0.999	4	-183.835	478.30829787234	372.98914893617
1432	3	376.857	392.488	373.539	0.916	0.1888	0.2127	0.2857	4	50	0.655	1	6	-182.429	480.075391304348	372.466695652174
1452	1	415.246	420.456	414.14	NA	NA	NA	NA	100	100	1	1	2	-205.623	517.496	414.371
1452	2	339.09	349.511	336.878	0.995	0	0	0	50	50	0.999	1	4	-165.545	441.72829787234	336.40914893617
1452	3	343.07	358.701	339.751	0.701	0.9114	0.9137	1	11	50	0.306	1	6	-165.535	446.287391304348	338.678695652174
1472	1	444.394	449.605	443.288	NA	NA	NA	NA	100	100	1	1	2	-220.197	546.644	443.519
1472	2	363.078	373.498	360.865	0.987	0	0	0	50	50	0.992	1	4	-177.539	465.71629787234	360.39714893617
1472	3	363.141	378.772	359.823	0.863	0.0704	0.0908	0.25	10	50	0.635	0.999	6	-175.571	466.359391304348	358.750695652174
1487	1	436.99	442.2	435.883	NA	NA	NA	NA	100	100	1	1	2	-216.495	539.24	436.115
1487	2	351.021	361.442	348.809	0.99	0	0	0	50	50	0.995	1	4	-171.511	453.66029787234	348.34114893617
1487	3	353.661	369.292	350.342	0.854	0.404	0.4371	0.5	6	50	0.447	0.999	6	-170.83	456.877391304348	349.268695652174
1504	1	755.14	762.547	756.204	NA	NA	NA	NA	300	300	1	1	2	-375.57	1057.22108108108	754.180540540541
1504	2	754.276	769.091	756.406	0.647	0.0602	0.075	1	23	277	0.419	0.976	4	-373.138	1056.48008163265	751.378040816326
1504	3	757.848	780.071	761.042	0.495	0.9285	0.9363	1	22	182	0.593	0.824	6	-372.924	1060.23156164384	753.039780821918
1522	1	765.432	772.839	766.496	NA	NA	NA	NA	300	300	1	1	2	-380.716	1067.51308108108	764.472540540541
1522	2	760.951	775.766	763.08	0.612	0.0152	0.0209	0	47	253	0.617	0.952	4	-376.475	1063.15408163265	758.052040816327
1522	3	764.168	786.391	767.362	0.503	0.766	0.7838	1	28	143	0.656	0.774	6	-376.084	1066.55156164384	759.359780821918
1542	1	729.266	736.674	730.331	NA	NA	NA	NA	300	300	1	1	2	-362.633	1031.34708108108	728.30654054054
1542	2	730.952	745.767	733.081	0.607	0.1637	0.1862	1	18	282	0.321	0.979	4	-361.476	1033.15608163265	728.054040816327
1542	3	732.829	755.051	736.023	0.591	0.4764	0.5117	0.3333	20	184	0.641	0.862	6	-360.414	1035.21156164384	728.019780821918
1554	1	742.184	749.591	743.249	NA	NA	NA	NA	300	300	1	1	2	-369.092	1044.26508108108	741.22454054054
1554	2	738.933	753.748	741.062	0.541	0.0624	0.0761	0	56	244	0.601	0.948	4	-365.466	1041.13608163265	736.034040816327
1554	3	739.464	761.687	742.658	0.62	0.4519	0.4788	0.2857	35	154	0.737	0.836	6	-363.732	1041.84756164384	734.655780821918
1581	1	745.519	752.927	746.584	NA	NA	NA	NA	300	300	1	1	2	-370.76	1047.60108108108	744.560540540541
1581	2	746.623	761.438	748.753	0.407	0.1579	0.1816	1	72	228	0.58	0.905	4	-369.312	1048.82808163265	743.726040816327
1581	3	745.696	767.919	748.89	0.638	0.0943	0.1142	0.6667	28	168	0.717	0.866	6	-366.848	1048.07956164384	740.887780821918
1597	1	727.995	735.403	729.06	NA	NA	NA	NA	300	300	1	1	2	-361.997	1030.07508108108	727.034540540541
1597	2	727.006	741.821	729.135	0.439	0.0921	0.111	1	142	158	0.805	0.837	4	-359.503	1029.21008163265	724.108040816326
1597	3	726.3	748.523	729.494	0.626	0.1995	0.2257	0.1429	53	164	0.732	0.873	6	-357.15	1028.68356164384	721.491780821918
1618	1	1112.984	1120.392	1114.049	NA	NA	NA	NA	300	300	1	1	2	-554.492	1415.06508108108	1112.02454054054
1618	2	982.307	997.122	984.437	0.948	0	0	0	146	154	0.984	0.987	4	-487.154	1284.51208163265	979.410040816327
1618	3	972.757	994.98	975.951	0.901	0.011	0.0152	0	11	145	0.537	0.991	6	-480.378	1275.13956164384	967.947780821918
1642	1	1118.133	1125.541	1119.198	NA	NA	NA	NA	300	300	1	1	2	-557.067	1420.21508108108	1117.17454054054
1642	2	1022.371	1037.186	1024.5	0.91	0	0	0	143	157	0.976	0.977	4	-507.185	1324.57408163265	1019.47204081633
1642	3	1021.037	1043.26	1024.231	0.813	0.0289	0.0373	0.0706	21	140	0.538	0.981	6	-504.518	1323.41956164384	1016.22778082192
1672	1	1136.244	1143.651	1137.308	NA	NA	NA	NA	300	300	1	1	2	-566.122	1438.32508108108	1135.28454054054
1672	2	1012.4	1027.215	1014.529	0.939	0	0	0	146	154	0.983	0.987	4	-502.2	1314.60408163265	1009.50204081633
1672	3	1015.731	1037.953	1018.925	0.957	0.3769	0.3949	1	1	153	0.776	0.988	6	-501.865	1318.11356164384	1010.92178082192
1687	1	1120.463	1127.871	1121.528	NA	NA	NA	NA	300	300	1	1	2	-558.232	1422.54508108108	1119.50454054054
1687	2	1019.716	1034.532	1021.846	0.911	0	0	0	148	152	0.972	0.978	4	-505.858	1321.92008163265	1016.81804081633
1687	3	1014.358	1036.58	1017.552	0.848	0.0962	0.1124	0.0208	18	145	0.581	0.98	6	-501.179	1316.74156164384	1009.54978082192
1716	1	1294.775	1302.182	1295.84	NA	NA	NA	NA	300	300	1	1	2	-645.387	1596.85508108108	1293.81454054054
1716	2	1024.535	1039.35	1026.664	0.994	0	0	0	150	150	0.996	1	4	-508.267	1326.73808163265	1021.63604081633
1716	3	1021.249	1043.472	1024.444	0.861	0.0242	0.0314	0.05	26	149	0.623	0.998	6	-504.625	1323.63356164384	1016.44178082192
1750	1	1296.748	1304.156	1297.813	NA	NA	NA	NA	300	300	1	1	2	-646.374	1598.82908108108	1295.78854054054
1750	2	1083.487	1098.303	1085.617	0.989	0	0	0	150	150	0.997	0.999	4	-537.744	1385.69208163265	1080.59004081633
1750	3	1078.866	1101.088	1082.06	0.987	0.0018	0.0028	0.0505	3	150	0.885	1	6	-533.433	1381.24956164384	1074.05778082192
1788	1	1294.394	1301.802	1295.459	NA	NA	NA	NA	300	300	1	1	2	-645.197	1596.47508108108	1293.43454054054
1788	2	1073.292	1088.107	1075.421	0.983	0	0	0	147	153	0.996	0.996	4	-532.646	1375.49608163265	1070.39404081633
1788	3	1076.287	1098.51	1079.482	0.935	0.7694	0.7839	0.6667	3	152	0.211	0.996	6	-532.144	1378.67156164384	1071.47978082192
1804	1	119.846	123.224	116.965	NA	NA	NA	NA	40	40	1	1	2	-57.923	162.512666666667	119.179333333333
1804	2	122.158	128.913	116.396	0.631	0.5237	0.5701	0.5	16	24	0.899	0.921	4	-57.079	165.922705882353	120.040352941176
1804	3	123.66	133.793	115.017	0.905	0.6117	0.6419	0.2083	9	16	0.946	0.999	6	-55.83	169.16	120.41
1816	1	147.654	151.032	144.773	NA	NA	NA	NA	40	40	1	1	2	-71.827	190.320666666667	146.987333333333
1816	2	144.964	151.72	139.203	0.719	0.0639	0.0883	0.05	15	25	0.792	0.99	4	-68.482	188.728705882353	142.846352941176
1816	3	140.943	151.076	132.3	0.856	0.0259	0.0362	0.02	9	16	0.806	0.998	6	-64.471	186.442	137.692
1869	1	121.327	124.705	118.447	NA	NA	NA	NA	40	40	1	1	2	-58.664	163.994666666667	120.661333333333
1869	2	123.728	130.483	117.966	0.605	0.6146	0.6545	0.5	20	20	0.893	0.918	4	-57.864	167.492705882353	121.610352941176
1869	3	126.023	136.156	117.381	0.803	0.2656	0.2934	1	7	20	0.849	0.993	6	-57.012	171.524	122.774
1882	1	118.478	121.856	115.598	NA	NA	NA	NA	40	40	1	1	2	-57.239	161.144666666667	117.811333333333
1882	2	122.043	128.798	116.281	0.406	0.7345	0.7586	1	9	31	0.565	0.94	4	-57.021	165.806705882353	119.924352941176
1882	3	123.179	133.312	114.537	0.924	0.745	0.7744	0.2857	9	16	0.957	0.997	6	-55.59	168.68	119.93
1892	1	121.327	124.705	118.447	NA	NA	NA	NA	40	40	1	1	2	-58.664	163.994666666667	120.661333333333
1892	2	123.728	130.483	117.966	0.605	0.6146	0.6545	0.5	20	20	0.893	0.918	4	-57.864	167.492705882353	121.610352941176
1892	3	126.023	136.156	117.381	0.803	0.2656	0.2934	1	7	20	0.849	0.993	6	-57.012	171.524	122.774
1903	1	147.654	151.032	144.773	NA	NA	NA	NA	40	40	1	1	2	-71.827	190.320666666667	146.987333333333
1903	2	144.964	151.72	139.203	0.719	0.0639	0.0883	0.05	15	25	0.792	0.99	4	-68.482	188.728705882353	142.846352941176
1903	3	140.943	151.076	132.3	0.856	0.0259	0.0362	0.02	9	16	0.806	0.998	6	-64.471	186.442	137.692
1946	1	139.194	142.571	136.313	NA	NA	NA	NA	40	40	1	1	2	-67.597	181.860666666667	138.527333333333
1946	2	127.532	134.288	121.77	0.91	7e-04	0.0019	0	18	22	0.945	0.999	4	-59.766	171.296705882353	125.414352941176
1946	3	131.279	141.413	122.637	0.846	0.5467	0.58	1	4	18	0.778	0.979	6	-59.64	176.78	128.03
1961	1	127.056	130.434	124.175	NA	NA	NA	NA	40	40	1	1	2	-61.528	169.722666666667	126.389333333333
1961	2	125.522	132.278	119.761	0.767	0.0636	0.0895	0.1463	10	30	0.82	0.99	4	-58.761	169.286705882353	123.404352941176
1961	3	128.528	138.661	119.885	0.829	0.7022	0.7315	1	9	21	0.859	0.987	6	-58.264	174.028	125.278
1979	1	147.145	150.523	144.264	NA	NA	NA	NA	40	40	1	1	2	-71.572	189.810666666667	146.477333333333
1979	2	142.027	148.782	136.265	0.787	0.0266	0.0407	0.0128	17	23	0.834	0.994	4	-67.013	185.790705882353	139.908352941176
1979	3	141.851	151.984	133.208	0.837	0.0525	0.0676	0.2	7	17	0.777	0.993	6	-64.925	187.35	138.6
2012	1	147.654	151.032	144.773	NA	NA	NA	NA	40	40	1	1	2	-71.827	190.320666666667	146.987333333333
2012	2	144.964	151.72	139.203	0.719	0.0639	0.0883	0.05	15	25	0.792	0.99	4	-68.482	188.728705882353	142.846352941176
2012	3	140.943	151.076	132.3	0.856	0.0259	0.0362	0.02	9	16	0.806	0.998	6	-64.471	186.442	137.692
2053	1	139.194	142.571	136.313	NA	NA	NA	NA	40	40	1	1	2	-67.597	181.860666666667	138.527333333333
2053	2	127.532	134.288	121.77	0.91	7e-04	0.0019	0	18	22	0.945	0.999	4	-59.766	171.296705882353	125.414352941176
2053	3	131.279	141.413	122.637	0.846	0.5467	0.58	1	4	18	0.778	0.979	6	-59.64	176.78	128.03
2064	1	139.194	142.571	136.313	NA	NA	NA	NA	40	40	1	1	2	-67.597	181.860666666667	138.527333333333
2064	2	127.532	134.288	121.77	0.91	7e-04	0.0019	0	18	22	0.945	0.999	4	-59.766	171.296705882353	125.414352941176
2064	3	131.279	141.413	122.637	0.846	0.5467	0.58	1	4	18	0.778	0.979	6	-59.64	176.78	128.03
2084	1	147.145	150.523	144.264	NA	NA	NA	NA	40	40	1	1	2	-71.572	189.810666666667	146.477333333333
2084	2	142.027	148.782	136.265	0.787	0.0266	0.0407	0.0128	17	23	0.834	0.994	4	-67.013	185.790705882353	139.908352941176
2084	3	141.851	151.984	133.208	0.837	0.0525	0.0676	0.2	7	17	0.777	0.993	6	-64.925	187.35	138.6
2120	1	252.96	258.17	251.853	NA	NA	NA	NA	100	100	1	1	2	-124.48	355.21	252.085
2120	2	256.637	267.058	254.425	0.858	0.5694	0.5878	1	2	98	0.341	0.991	4	-124.319	359.27629787234	253.95714893617
2120	3	234.548	250.179	231.229	0.992	0.37	0.3984	0	14	48	0.997	1	6	-111.274	337.765391304348	230.156695652174
2131	1	297.355	302.565	296.249	NA	NA	NA	NA	100	100	1	1	2	-146.678	399.606	296.481
2131	2	296.966	307.387	294.754	0.599	0.1255	0.1563	0.1333	37	63	0.819	0.953	4	-144.483	399.60429787234	294.28514893617
2131	3	293.594	309.225	290.276	0.932	0.4307	0.4588	0.0404	30	37	0.962	0.999	6	-140.797	396.811391304348	289.202695652174
2167	1	296.735	301.946	295.629	NA	NA	NA	NA	100	100	1	1	2	-146.368	398.986	295.861
2167	2	296.651	307.071	294.438	0.566	0.1269	0.1579	0.2143	30	70	0.717	0.968	4	-144.325	399.28829787234	293.96914893617
2167	3	292.515	308.146	289.196	0.94	0.4588	0.487	0	30	38	0.967	0.998	6	-140.257	395.731391304348	288.122695652174
2179	1	294.32	299.53	293.213	NA	NA	NA	NA	100	100	1	1	2	-145.16	396.57	293.445
2179	2	298.008	308.429	295.796	0.263	0.8012	0.8181	1	31	69	0.569	0.887	4	-145.004	400.64629787234	295.32714893617
2179	3	294.487	310.118	291.169	0.907	0.4555	0.4895	0.0404	28	41	0.946	0.998	6	-141.244	397.705391304348	290.096695652174
2211	1	354.113	359.324	353.007	NA	NA	NA	NA	100	100	1	1	2	-175.057	456.364	353.239
2211	2	320.085	330.506	317.873	0.905	0	0	0	47	53	0.95	0.998	4	-156.043	422.72429787234	317.40514893617
2211	3	321.922	337.553	318.604	0.843	0.0762	0.0917	0.6667	11	47	0.768	0.99	6	-154.961	425.139391304348	317.530695652174
2219	1	330.471	335.682	329.365	NA	NA	NA	NA	100	100	1	1	2	-163.236	432.722	329.597
2219	2	326.32	336.74	324.107	0.693	0.0548	0.0722	0.0303	41	59	0.892	0.955	4	-159.16	428.95829787234	323.63914893617
2219	3	320.993	336.624	317.675	0.808	0.0065	0.0099	0.02	29	41	0.817	0.997	6	-154.497	424.211391304348	316.602695652174
2262	1	331.297	336.507	330.19	NA	NA	NA	NA	100	100	1	1	2	-163.648	433.546	330.421
2262	2	315.497	325.918	313.285	0.797	1e-04	2e-04	0	39	61	0.82	0.996	4	-153.749	418.13629787234	312.81714893617
2262	3	317.954	333.585	314.636	0.786	0.2184	0.2436	0.6667	17	44	0.791	0.968	6	-152.977	421.171391304348	313.562695652174
2268	1	330.471	335.682	329.365	NA	NA	NA	NA	100	100	1	1	2	-163.236	432.722	329.597
2268	2	326.32	336.74	324.107	0.693	0.0548	0.0722	0.0303	41	59	0.892	0.955	4	-159.16	428.95829787234	323.63914893617
2268	3	320.993	336.624	317.675	0.808	0.0065	0.0099	0.02	29	41	0.817	0.997	6	-154.497	424.211391304348	316.602695652174
2312	1	331.297	336.507	330.19	NA	NA	NA	NA	100	100	1	1	2	-163.648	433.546	330.421
2312	2	315.497	325.918	313.285	0.797	1e-04	2e-04	0	39	61	0.82	0.996	4	-153.749	418.13629787234	312.81714893617
2312	3	317.954	333.585	314.636	0.786	0.2184	0.2436	0.6667	17	44	0.791	0.968	6	-152.977	421.171391304348	313.562695652174
2322	1	296.735	301.946	295.629	NA	NA	NA	NA	100	100	1	1	2	-146.368	398.986	295.861
2322	2	296.651	307.071	294.438	0.566	0.1269	0.1579	0.2143	30	70	0.717	0.968	4	-144.325	399.28829787234	293.96914893617
2322	3	292.515	308.146	289.196	0.94	0.4588	0.487	0	30	38	0.967	0.998	6	-140.257	395.731391304348	288.122695652174
2339	1	324.05	329.261	322.944	NA	NA	NA	NA	100	100	1	1	2	-160.025	426.3	323.175
2339	2	322.745	333.166	320.533	0.65	0.0338	0.0466	0.0779	23	77	0.78	0.955	4	-157.373	425.38429787234	320.06514893617
2339	3	316.803	332.434	313.484	0.803	0.0084	0.013	0	23	44	0.8	0.996	6	-152.401	420.019391304348	312.410695652174
2368	1	252.96	258.17	251.853	NA	NA	NA	NA	100	100	1	1	2	-124.48	355.21	252.085
2368	2	256.637	267.058	254.425	0.858	0.5694	0.5878	1	2	98	0.341	0.991	4	-124.319	359.27629787234	253.95714893617
2368	3	234.548	250.179	231.229	0.992	0.37	0.3984	0	14	48	0.997	1	6	-111.274	337.765391304348	230.156695652174
2379	1	331.297	336.507	330.19	NA	NA	NA	NA	100	100	1	1	2	-163.648	433.546	330.421
2379	2	315.497	325.918	313.285	0.797	1e-04	2e-04	0	39	61	0.82	0.996	4	-153.749	418.13629787234	312.81714893617
2379	3	317.954	333.585	314.636	0.786	0.2184	0.2436	0.6667	17	44	0.791	0.968	6	-152.977	421.171391304348	313.562695652174
2389	1	330.471	335.682	329.365	NA	NA	NA	NA	100	100	1	1	2	-163.236	432.722	329.597
2389	2	326.32	336.74	324.107	0.693	0.0548	0.0722	0.0303	41	59	0.892	0.955	4	-159.16	428.95829787234	323.63914893617
2389	3	320.993	336.624	317.675	0.808	0.0065	0.0099	0.02	29	41	0.817	0.997	6	-154.497	424.211391304348	316.602695652174
2442	1	862.279	869.687	863.344	NA	NA	NA	NA	300	300	1	1	2	-429.14	1164.36108108108	861.32054054054
2442	2	863.94	878.755	866.069	0.378	0.2013	0.2276	1	72	228	0.576	0.923	4	-427.97	1166.14408163265	861.042040816327
2442	3	844.337	866.56	847.531	0.93	0.1719	0.1923	0	72	117	0.962	0.998	6	-416.169	1146.72156164384	839.529780821918
2460	1	962.236	969.644	963.301	NA	NA	NA	NA	300	300	1	1	2	-479.118	1264.31708108108	961.276540540541
2460	2	900.135	914.95	902.265	0.815	0	0	0	130	170	0.868	0.996	4	-446.068	1202.34008163265	897.238040816326
2460	3	898.018	920.241	901.212	0.847	0.1707	0.1894	0.051	50	130	0.864	0.984	6	-443.009	1200.40156164384	893.209780821918
2501	1	862.279	869.687	863.344	NA	NA	NA	NA	300	300	1	1	2	-429.14	1164.36108108108	861.32054054054
2501	2	863.94	878.755	866.069	0.378	0.2013	0.2276	1	72	228	0.576	0.923	4	-427.97	1166.14408163265	861.042040816327
2501	3	844.337	866.56	847.531	0.93	0.1719	0.1923	0	72	117	0.962	0.998	6	-416.169	1146.72156164384	839.529780821918
2519	1	805.759	813.167	806.824	NA	NA	NA	NA	300	300	1	1	2	-400.88	1107.84108108108	804.800540540541
2519	2	809.422	824.237	811.551	0.227	0.8154	0.8285	1	104	196	0.609	0.836	4	-400.711	1111.62608163265	806.524040816327
2519	3	758.602	780.825	761.797	0.981	0.1096	0.1255	0	64	132	0.993	1	6	-373.301	1060.98556164384	753.793780821918
2533	1	823.755	831.163	824.82	NA	NA	NA	NA	300	300	1	1	2	-409.877	1125.83508108108	822.794540540541
2533	2	824.178	838.993	826.307	0.562	0.0811	0.0976	1	46	254	0.587	0.936	4	-408.089	1126.38208163265	821.280040816327
2533	3	805.072	827.295	808.266	0.932	0.171	0.1909	0	46	140	0.962	0.998	6	-396.536	1107.45556164384	800.263780821918
2541	1	812.936	820.344	814.001	NA	NA	NA	NA	300	300	1	1	2	-404.468	1115.01708108108	811.976540540541
2541	2	812.835	827.65	814.964	0.539	0.0686	0.0834	1	68	232	0.716	0.904	4	-402.417	1115.03808163265	809.936040816326
2541	3	759.305	781.527	762.499	0.983	0.1174	0.1343	0	68	128	0.994	1	6	-373.652	1061.68756164384	754.495780821918
2551	1	812.936	820.344	814.001	NA	NA	NA	NA	300	300	1	1	2	-404.468	1115.01708108108	811.976540540541
2551	2	812.835	827.65	814.964	0.539	0.0686	0.0834	1	68	232	0.716	0.904	4	-402.417	1115.03808163265	809.936040816326
2551	3	759.305	781.527	762.499	0.983	0.1174	0.1343	0	68	128	0.994	1	6	-373.652	1061.68756164384	754.495780821918
2567	1	824.362	831.769	825.427	NA	NA	NA	NA	300	300	1	1	2	-410.181	1126.44308108108	823.40254054054
2567	2	823.08	837.895	825.209	0.445	0.0869	0.1053	1	56	244	0.466	0.98	4	-407.54	1125.28408163265	820.182040816327
2567	3	793.229	815.452	796.424	0.961	0.1356	0.1527	0	56	138	0.981	0.999	6	-390.615	1095.61356164384	788.421780821918
2577	1	812.936	820.344	814.001	NA	NA	NA	NA	300	300	1	1	2	-404.468	1115.01708108108	811.976540540541
2577	2	812.835	827.65	814.964	0.539	0.0686	0.0834	1	68	232	0.716	0.904	4	-402.417	1115.03808163265	809.936040816326
2577	3	759.305	781.527	762.499	0.983	0.1174	0.1343	0	68	128	0.994	1	6	-373.652	1061.68756164384	754.495780821918
2587	1	962.236	969.644	963.301	NA	NA	NA	NA	300	300	1	1	2	-479.118	1264.31708108108	961.276540540541
2587	2	900.135	914.95	902.265	0.815	0	0	0	130	170	0.868	0.996	4	-446.068	1202.34008163265	897.238040816326
2587	3	898.018	920.241	901.212	0.847	0.1707	0.1894	0.051	50	130	0.864	0.984	6	-443.009	1200.40156164384	893.209780821918
2617	1	949.651	957.058	950.715	NA	NA	NA	NA	300	300	1	1	2	-472.825	1251.73108108108	948.69054054054
2617	2	918.215	933.03	920.345	0.732	0	0	0	130	170	0.867	0.982	4	-455.108	1220.42008163265	915.318040816327
2617	3	914.46	936.683	917.654	0.814	0.07	0.0828	0.0128	70	130	0.852	0.99	6	-451.23	1216.84356164384	909.651780821918
2650	1	823.755	831.163	824.82	NA	NA	NA	NA	300	300	1	1	2	-409.877	1125.83508108108	822.794540540541
2650	2	824.178	838.993	826.307	0.562	0.0811	0.0976	1	46	254	0.587	0.936	4	-408.089	1126.38208163265	821.280040816327
2650	3	805.072	827.295	808.266	0.932	0.171	0.1909	0	46	140	0.962	0.998	6	-396.536	1107.45556164384	800.263780821918
2663	1	812.936	820.344	814.001	NA	NA	NA	NA	300	300	1	1	2	-404.468	1115.01708108108	811.976540540541
2663	2	812.835	827.65	814.964	0.539	0.0686	0.0834	1	68	232	0.716	0.904	4	-402.417	1115.03808163265	809.936040816326
2663	3	759.305	781.527	762.499	0.983	0.1174	0.1343	0	68	128	0.994	1	6	-373.652	1061.68756164384	754.495780821918
2675	1	805.759	813.167	806.824	NA	NA	NA	NA	300	300	1	1	2	-400.88	1107.84108108108	804.800540540541
2675	2	809.422	824.237	811.551	0.227	0.8154	0.8285	1	104	196	0.609	0.836	4	-400.711	1111.62608163265	806.524040816327
2675	3	758.602	780.825	761.797	0.981	0.1096	0.1255	0	64	132	0.993	1	6	-373.301	1060.98556164384	753.793780821918
2684	1	856.358	863.766	857.423	NA	NA	NA	NA	300	300	1	1	2	-426.179	1158.43908108108	855.39854054054
2684	2	848.824	863.639	850.953	0.56	0.0026	0.0043	0	96	204	0.733	0.966	4	-420.412	1151.02808163265	845.926040816326
2684	3	807.652	829.875	810.846	0.974	0.1239	0.1407	0	96	103	0.988	0.999	6	-397.826	1110.03556164384	802.843780821918
2692	1	962.236	969.644	963.301	NA	NA	NA	NA	300	300	1	1	2	-479.118	1264.31708108108	961.276540540541
2692	2	900.135	914.95	902.265	0.815	0	0	0	130	170	0.868	0.996	4	-446.068	1202.34008163265	897.238040816326
2692	3	898.018	920.241	901.212	0.847	0.1707	0.1894	0.051	50	130	0.864	0.984	6	-443.009	1200.40156164384	893.209780821918
