9	1	128.083	131.461	125.202	NA	NA	NA	NA	40	40	1	1	2	-62.042	170.750666666667	127.417333333333
9	2	130.146	136.902	124.385	0.904	0.1688	0.1965	0.5	2	38	0.783	0.994	4	-61.073	173.910705882353	128.028352941176
9	3	132.584	142.717	123.942	0.748	0.7421	0.7671	0.6667	2	20	0.853	0.978	6	-60.292	178.084	129.334
25	1	128.151	131.529	125.27	NA	NA	NA	NA	40	40	1	1	2	-62.075	170.816666666667	127.483333333333
25	2	131.053	137.808	125.291	0.537	0.7652	0.7863	0.5	13	27	0.76	0.92	4	-61.526	174.816705882353	128.934352941176
25	3	131.561	141.695	122.919	0.788	0.0389	0.0499	0.1765	1	20	0.864	0.987	6	-59.781	177.062	128.312
44	1	129.167	132.545	126.287	NA	NA	NA	NA	40	40	1	1	2	-62.584	171.834666666667	128.501333333333
44	2	130.411	137.166	124.649	0.929	0.0932	0.1139	0.3077	1	39	0.564	0.999	4	-61.205	174.174705882353	128.292352941176
44	3	133.593	143.727	124.951	0.745	0.7565	0.7816	1	2	32	0.655	0.945	6	-60.797	179.094	130.344
56	1	121.137	124.515	118.256	NA	NA	NA	NA	40	40	1	1	2	-58.569	163.804666666667	120.471333333333
56	2	124.884	131.64	119.123	0.756	0.6653	0.6817	1	2	38	0.455	0.982	4	-58.442	168.648705882353	122.766352941176
56	3	128.05	138.184	119.408	0.738	0.4148	0.4479	0.6667	2	34	0.556	0.978	6	-58.025	173.55	124.8
67	1	128.667	132.045	125.787	NA	NA	NA	NA	40	40	1	1	2	-62.334	171.334666666667	128.001333333333
67	2	132.343	139.098	126.581	0.541	0.7914	0.8058	1	6	34	0.543	0.946	4	-62.171	176.106705882353	130.224352941176
67	3	134.563	144.696	125.92	0.769	0.3019	0.334	0.5	3	29	0.762	0.938	6	-61.281	180.062	131.312
81	1	130.512	133.89	127.632	NA	NA	NA	NA	40	40	1	1	2	-63.256	173.178666666667	129.845333333333
81	2	130.121	136.877	124.36	0.879	0.0438	0.0605	0.2	5	35	0.887	0.991	4	-61.061	173.886705882353	128.004352941176
81	3	128.031	138.164	119.389	0.845	0.1349	0.1696	0.087	5	22	0.878	0.998	6	-58.016	173.532	124.782
124	1	161.429	164.807	158.549	NA	NA	NA	NA	40	40	1	1	2	-78.715	204.096666666667	160.763333333333
124	2	160.803	167.558	155.041	0.709	0.1567	0.198	0.2	18	22	0.867	0.943	4	-76.401	204.566705882353	158.684352941176
124	3	161.416	171.55	152.774	0.804	0.2798	0.3242	0.1935	8	16	0.77	0.983	6	-74.708	206.916	158.166
144	1	164.459	167.837	161.578	NA	NA	NA	NA	40	40	1	1	2	-80.23	207.126666666667	163.793333333333
144	2	164.245	171.001	158.484	0.741	0.217	0.2622	0.2	18	22	0.918	0.948	4	-78.123	208.010705882353	162.128352941176
144	3	163.365	173.498	154.723	0.839	0.0825	0.108	0.1395	8	17	0.859	0.983	6	-75.683	208.866	160.116
159	1	163.054	166.432	160.174	NA	NA	NA	NA	40	40	1	1	2	-79.527	205.720666666667	162.387333333333
159	2	153.312	160.068	147.551	0.931	0.0066	0.0115	0	20	20	0.981	0.992	4	-72.656	197.076705882353	151.194352941176
159	3	151.874	162.007	143.231	0.892	0.0512	0.0723	0.05	7	20	0.882	0.999	6	-69.937	197.374	148.624
194	1	157.265	160.643	154.384	NA	NA	NA	NA	40	40	1	1	2	-76.633	199.932666666667	156.599333333333
194	2	152.679	159.434	146.917	0.871	0.0214	0.0351	0.02	20	20	0.967	0.972	4	-72.339	196.442705882353	150.560352941176
194	3	156.364	166.498	147.722	0.792	0.6878	0.7056	1	2	20	0.446	0.981	6	-72.182	201.864	153.114
222	1	186.549	189.927	183.668	NA	NA	NA	NA	40	40	1	1	2	-91.274	229.214666666667	185.881333333333
222	2	172.695	179.451	166.934	0.96	0.0059	0.0104	0	20	20	0.989	0.995	4	-82.348	216.460705882353	170.578352941176
222	3	173.264	183.398	164.622	0.932	0.2387	0.2718	0.1364	3	20	0.815	0.999	6	-80.632	218.764	170.014
240	1	183.486	186.864	180.605	NA	NA	NA	NA	40	40	1	1	2	-89.743	226.152666666667	182.819333333333
240	2	170.17	176.925	164.408	0.939	0.0011	0.0024	0	19	21	0.968	0.997	4	-81.085	213.934705882353	168.052352941176
240	3	173.124	183.258	164.482	0.776	0.5547	0.5884	1	9	19	0.8	0.99	6	-80.562	218.624	169.874
246	1	170.554	173.932	167.674	NA	NA	NA	NA	40	40	1	1	2	-83.277	213.220666666667	169.887333333333
246	2	161.253	168.009	155.492	0.891	0.0064	0.0119	0	20	20	0.969	0.977	4	-76.627	205.018705882353	159.136352941176
246	3	164.433	174.566	155.79	0.793	0.7753	0.7949	1	6	17	0.676	0.953	6	-76.216	209.932	161.182
267	1	179.939	183.317	177.058	NA	NA	NA	NA	40	40	1	1	2	-87.97	222.606666666667	179.273333333333
267	2	173.082	179.837	167.32	0.859	0.0105	0.0184	0	17	23	0.938	0.982	4	-82.541	216.846705882353	170.964352941176
267	3	175.557	185.691	166.915	0.786	0.5373	0.575	0.5	9	19	0.789	0.955	6	-81.779	221.058	172.308
289	1	172.556	175.934	169.676	NA	NA	NA	NA	40	40	1	1	2	-84.278	215.222666666667	171.889333333333
289	2	158.802	165.557	153.04	0.949	4e-04	0.001	0	19	21	0.984	0.993	4	-75.401	202.566705882353	156.684352941176
289	3	162.431	172.564	153.789	0.739	0.693	0.7129	1	7	19	0.635	0.992	6	-75.216	207.932	159.182
300	1	182.571	185.949	179.69	NA	NA	NA	NA	40	40	1	1	2	-89.285	225.236666666667	181.903333333333
300	2	164.014	170.77	158.253	0.963	9e-04	0.0021	0	20	20	0.974	1	4	-78.007	207.778705882353	161.896352941176
300	3	164.816	174.949	156.173	0.908	0.4256	0.456	0.2353	6	20	0.846	0.998	6	-76.408	210.316	161.566
327	1	298.782	303.992	297.676	NA	NA	NA	NA	100	100	1	1	2	-147.391	401.032	297.907
327	2	300.323	310.744	298.111	0.61	0.279	0.3119	0.6667	16	84	0.615	0.966	4	-146.162	402.96229787234	297.64314893617
327	3	301.365	316.996	298.046	0.708	0.2367	0.2703	0.3333	16	68	0.716	0.928	6	-144.682	404.581391304348	296.972695652174
344	1	314.135	319.345	313.028	NA	NA	NA	NA	100	100	1	1	2	-155.067	416.384	313.259
344	2	317.756	328.176	315.543	0.345	0.8635	0.8765	1	32	68	0.644	0.869	4	-154.878	420.39429787234	315.07514893617
344	3	320.716	336.347	317.397	0.657	0.3803	0.4036	1	3	69	0.467	0.915	6	-154.358	423.933391304348	316.324695652174
360	1	308.225	313.436	307.119	NA	NA	NA	NA	100	100	1	1	2	-152.113	410.476	307.351
360	2	311.838	322.259	309.626	0.308	0.8427	0.8608	1	46	54	0.741	0.793	4	-151.919	414.47629787234	309.15714893617
360	3	315.036	330.667	311.717	0.618	0.7861	0.8053	0.6667	12	57	0.693	0.856	6	-151.518	418.253391304348	310.644695652174
380	1	318.819	324.029	317.713	NA	NA	NA	NA	100	100	1	1	2	-157.409	421.068	317.943
380	2	314.229	324.649	312.016	0.998	6e-04	0.0011	0.03	1	99	0.979	1	4	-153.114	416.86629787234	311.54714893617
380	3	315.195	330.826	311.877	0.73	0.2744	0.3107	0.6667	1	69	0.777	0.996	6	-151.598	418.413391304348	310.804695652174
413	1	403.102	408.312	401.996	NA	NA	NA	NA	100	100	1	1	2	-199.551	505.352	402.227
413	2	400.275	410.696	398.063	0.699	0.0612	0.0826	0.0404	40	60	0.886	0.944	4	-196.138	502.91429787234	397.59514893617
413	3	404.275	419.906	400.957	0.764	0.5355	0.5356	1	0	61	0	0.953	6	-196.138	507.493391304348	399.884695652174
435	1	376.666	381.876	375.56	NA	NA	NA	NA	100	100	1	1	2	-186.333	478.916	375.791
435	2	370.136	380.556	367.923	0.722	0.0096	0.0154	0	46	54	0.92	0.922	4	-181.068	472.77429787234	367.45514893617
435	3	373.073	388.704	369.754	0.652	0.5296	0.5606	0.6667	20	48	0.738	0.932	6	-180.536	476.289391304348	368.680695652174
449	1	386.615	391.826	385.509	NA	NA	NA	NA	100	100	1	1	2	-191.308	488.866	385.741
449	2	382.204	392.624	379.991	0.702	0.0266	0.0395	0.0303	43	57	0.898	0.932	4	-187.102	484.84229787234	379.52314893617
449	3	386.108	401.739	382.789	0.706	0.8178	0.8244	1	1	56	0.114	0.916	6	-187.054	489.325391304348	381.716695652174
478	1	380.37	385.58	379.263	NA	NA	NA	NA	100	100	1	1	2	-188.185	482.62	379.495
478	2	375.479	385.9	373.267	0.709	0.0249	0.0372	0.0303	47	53	0.904	0.927	4	-183.74	478.11829787234	372.79914893617
478	3	379.297	394.928	375.979	0.667	0.7775	0.787	1	3	50	0.236	0.921	6	-183.649	482.515391304348	374.906695652174
509	1	438.422	443.632	437.316	NA	NA	NA	NA	100	100	1	1	2	-217.211	540.672	437.547
509	2	415.234	425.655	413.022	0.873	0	1e-04	0	49	51	0.955	0.978	4	-203.617	517.87229787234	412.55314893617
509	3	417.769	433.4	414.451	0.747	0.6099	0.6359	0.5	18	47	0.668	0.974	6	-202.885	520.987391304348	413.378695652174
514	1	442.498	447.709	441.392	NA	NA	NA	NA	100	100	1	1	2	-219.249	544.748	441.623
514	2	422.539	432.96	420.327	0.866	0.001	0.002	0	48	52	0.964	0.968	4	-207.27	525.17829787234	419.85914893617
514	3	424.975	440.606	421.657	0.913	0.2067	0.2281	0.6667	1	52	0.79	0.976	6	-206.488	528.193391304348	420.584695652174
532	1	447.605	452.816	446.499	NA	NA	NA	NA	100	100	1	1	2	-221.803	549.856	446.731
532	2	417.049	427.47	414.837	0.926	0	0	0	48	52	0.975	0.988	4	-204.525	519.68829787234	414.36914893617
532	3	419.185	434.816	415.867	0.931	0.1603	0.1833	0.6667	1	51	0.518	0.986	6	-203.593	522.403391304348	414.794695652174
549	1	447.721	452.932	446.615	NA	NA	NA	NA	100	100	1	1	2	-221.861	549.972	446.847
549	2	409.923	420.343	407.71	0.941	0	0	0	48	52	0.978	0.992	4	-200.961	512.56029787234	407.24114893617
549	3	413.731	429.362	410.413	0.708	0.8108	0.8212	1	10	48	0.375	0.984	6	-200.865	516.947391304348	409.338695652174
563	1	442.824	448.034	441.718	NA	NA	NA	NA	100	100	1	1	2	-219.412	545.074	441.949
563	2	422.141	432.562	419.929	0.854	6e-04	0.0013	0	48	52	0.955	0.957	4	-207.071	524.78029787234	419.46114893617
563	3	423.997	439.628	420.678	0.736	0.622	0.645	0.3077	23	47	0.765	0.957	6	-205.998	527.213391304348	419.604695652174
578	1	451.918	457.128	450.812	NA	NA	NA	NA	100	100	1	1	2	-223.959	554.168	451.043
578	2	414.821	425.242	412.609	0.945	0	0	0	49	51	0.984	0.989	4	-203.411	517.46029787234	412.14114893617
578	3	415.963	431.594	412.645	0.932	0.0981	0.1188	0.3333	3	50	0.667	0.986	6	-201.982	519.181391304348	411.572695652174
595	1	440.617	445.828	439.511	NA	NA	NA	NA	100	100	1	1	2	-218.309	542.868	439.743
595	2	410.746	421.167	408.534	0.901	0	0	0	47	53	0.959	0.986	4	-201.373	513.38429787234	408.06514893617
595	3	413.615	429.246	410.296	0.744	0.5743	0.6063	0.6	16	46	0.61	0.977	6	-200.807	516.831391304348	409.222695652174
613	1	922.872	930.279	923.936	NA	NA	NA	NA	300	300	1	1	2	-459.436	1224.95308108108	921.91254054054
613	2	925.282	940.097	927.412	0.358	0.7422	0.7602	1	123	177	0.735	0.833	4	-458.641	1227.48608163265	922.384040816327
613	3	925.441	947.664	928.636	0.664	0.1977	0.2147	0.1429	3	152	0.565	0.845	6	-456.721	1227.82556164384	920.633780821918
644	1	930.544	937.952	931.609	NA	NA	NA	NA	300	300	1	1	2	-463.272	1232.62508108108	929.584540540541
644	2	934.127	948.943	936.257	0.23	0.7482	0.7661	1	112	188	0.624	0.804	4	-463.064	1236.33208163265	931.230040816327
644	3	935.817	958.04	939.012	0.587	0.4538	0.4833	0.5	43	201	0.676	0.891	6	-461.909	1238.20156164384	931.009780821918
662	1	901.673	909.08	902.738	NA	NA	NA	NA	300	300	1	1	2	-448.836	1203.75308108108	900.712540540541
662	2	902.701	917.516	904.83	0.403	0.2011	0.2306	1	109	191	0.716	0.866	4	-447.35	1204.90408163265	899.802040816327
662	3	905.46	927.683	908.654	0.525	0.6121	0.6404	1	54	179	0.616	0.849	6	-446.73	1207.84356164384	900.651780821918
679	1	851.074	858.482	852.139	NA	NA	NA	NA	300	300	1	1	2	-423.537	1153.15508108108	850.11454054054
679	2	855.028	869.843	857.157	0.953	0.8144	0.8208	1	0	300	0	1	4	-423.514	1157.23208163265	852.130040816327
679	3	857.889	880.111	861.083	0.573	0.8987	0.9086	1	31	223	0.537	0.903	6	-422.944	1160.27156164384	853.079780821918
697	1	880.652	888.059	881.716	NA	NA	NA	NA	300	300	1	1	2	-438.326	1182.73308108108	879.692540540541
697	2	883.052	897.867	885.182	0.318	0.4089	0.4404	1	119	181	0.696	0.82	4	-437.526	1185.25608163265	880.154040816327
697	3	882.058	904.28	885.252	0.655	0.1396	0.1635	0.1132	30	173	0.687	0.886	6	-435.029	1184.44156164384	877.249780821918
729	1	1184.257	1191.665	1185.322	NA	NA	NA	NA	300	300	1	1	2	-590.129	1486.33908108108	1183.29854054054
729	2	1159.456	1174.271	1161.585	0.725	0	0	0	142	158	0.924	0.927	4	-575.728	1461.66008163265	1156.55804081633
729	3	1163.199	1185.422	1166.393	0.606	0.7558	0.767	1	17	155	0.268	0.936	6	-575.6	1465.58356164384	1158.39178082192
747	1	1170.267	1177.675	1171.332	NA	NA	NA	NA	300	300	1	1	2	-583.134	1472.34908108108	1169.30854054054
747	2	1131.722	1146.537	1133.852	0.78	0	0	0	147	153	0.937	0.943	4	-561.861	1433.92608163265	1128.82404081633
747	3	1135.649	1157.872	1138.843	0.675	0.9681	0.9703	1	0	151	0	0.959	6	-561.824	1438.03156164384	1130.83978082192
767	1	1202.596	1210.003	1203.66	NA	NA	NA	NA	300	300	1	1	2	-599.298	1504.67708108108	1201.63654054054
767	2	1175.476	1190.291	1177.606	0.724	1e-04	1e-04	0	139	161	0.912	0.932	4	-583.738	1477.68008163265	1172.57804081633
767	3	1177.085	1199.308	1180.279	0.611	0.7388	0.7519	1	78	122	0.715	0.918	6	-582.543	1479.46956164384	1172.27778082192
785	1	1173.652	1181.06	1174.717	NA	NA	NA	NA	300	300	1	1	2	-584.826	1475.73308108108	1172.69254054054
785	2	1150.451	1165.266	1152.581	0.7	0	0	0	129	171	0.9	0.922	4	-571.226	1452.65608163265	1147.55404081633
785	3	1154.147	1176.37	1157.341	0.575	0.8884	0.8966	1	54	148	0.46	0.91	6	-571.073	1456.52956164384	1149.33778082192
802	1	1299.043	1306.45	1300.107	NA	NA	NA	NA	300	300	1	1	2	-647.521	1601.12308108108	1298.08254054054
802	2	1205.753	1220.569	1207.883	0.904	0	0	0	145	155	0.972	0.973	4	-598.877	1507.95808163265	1202.85604081633
802	3	1208.141	1230.363	1211.335	0.938	0.1781	0.1949	0.6	1	154	0.775	0.975	6	-598.07	1510.52356164384	1203.33178082192
821	1	1309.986	1317.393	1311.05	NA	NA	NA	NA	300	300	1	1	2	-652.993	1612.06708108108	1309.02654054054
821	2	1190.483	1205.298	1192.612	0.937	0	0	0	149	151	0.98	0.987	4	-591.241	1492.68608163265	1187.58404081633
821	3	1193.939	1216.161	1197.133	0.941	0.4458	0.4661	1	1	150	0.277	0.985	6	-590.969	1496.32156164384	1189.12978082192
841	1	1314.604	1322.011	1315.668	NA	NA	NA	NA	300	300	1	1	2	-655.302	1616.68508108108	1313.64454054054
841	2	1222.019	1236.834	1224.148	0.903	0	0	0	145	155	0.965	0.986	4	-607.009	1524.22208163265	1219.12004081633
841	3	1225.626	1247.848	1228.82	0.779	0.7854	0.8013	1	10	145	0.179	0.978	6	-606.813	1528.00956164384	1220.81778082192
860	1	1325.352	1332.759	1326.416	NA	NA	NA	NA	300	300	1	1	2	-660.676	1627.43308108108	1324.39254054054
860	2	1221.13	1235.945	1223.259	0.911	0	0	0	147	153	0.973	0.976	4	-606.565	1523.33408163265	1218.23204081633
860	3	1224.3	1246.523	1227.494	0.802	0.6482	0.6726	0.6667	15	144	0.308	0.97	6	-606.15	1526.68356164384	1219.49178082192
878	1	1313.757	1321.164	1314.822	NA	NA	NA	NA	300	300	1	1	2	-654.878	1615.83708108108	1312.79654054054
878	2	1219.654	1234.469	1221.783	0.897	0	0	0	149	151	0.968	0.975	4	-605.827	1521.85808163265	1216.75604081633
878	3	1221.89	1244.112	1225.084	0.771	0.4085	0.4391	0.6667	31	143	0.511	0.968	6	-604.945	1524.27356164384	1217.08178082192
897	1	1337.436	1344.844	1338.501	NA	NA	NA	NA	300	300	1	1	2	-666.718	1639.51708108108	1336.47654054054
897	2	1221.454	1236.269	1223.584	0.919	0	0	0	148	152	0.965	0.984	4	-606.727	1523.65808163265	1218.55604081633
897	3	1221.644	1243.867	1224.838	0.774	0.2842	0.3109	0.2353	43	147	0.622	0.978	6	-604.822	1524.02756164384	1216.83578082192
915	1	96.552	99.929	93.671	NA	NA	NA	NA	40	40	1	1	2	-46.276	139.218666666667	95.8853333333333
915	2	93.777	100.532	88.015	0.823	0.0403	0.0614	0.05	18	22	0.959	0.961	4	-42.888	137.540705882353	91.6583529411765
915	3	97.412	107.546	88.77	0.709	0.7484	0.7658	1	9	22	0.66	0.986	6	-42.706	142.912	94.162
959	1	117.443	120.821	114.562	NA	NA	NA	NA	40	40	1	1	2	-56.721	160.108666666667	116.775333333333
959	2	115.445	122.201	109.684	0.824	0.1688	0.21	0.0674	15	25	0.939	0.967	4	-53.723	159.210705882353	113.328352941176
959	3	118.034	128.167	109.392	0.9	0.2475	0.2767	0.3333	1	24	0.81	0.967	6	-53.017	163.534	114.784
995	1	89.458	92.836	86.577	NA	NA	NA	NA	40	40	1	1	2	-42.729	132.124666666667	88.7913333333333
995	2	93.119	99.874	87.357	0.602	0.7992	0.8111	1	5	35	0.533	0.954	4	-42.559	136.882705882353	91.0003529411765
995	3	93.721	103.854	85.079	0.85	0.3345	0.3692	0.6667	5	28	0.802	0.976	6	-40.861	139.222	90.472
1007	1	153.851	157.229	150.97	NA	NA	NA	NA	40	40	1	1	2	-74.925	196.516666666667	153.183333333333
1007	2	146.803	153.558	141.041	0.896	0.0153	0.0256	0	20	20	0.973	0.979	4	-69.401	190.566705882353	144.684352941176
1007	3	150.048	160.181	141.405	0.839	0.5289	0.5569	1	2	20	0.527	0.99	6	-69.024	195.548	146.798
1032	1	148.044	151.422	145.163	NA	NA	NA	NA	40	40	1	1	2	-72.022	190.710666666667	147.377333333333
1032	2	136.489	143.244	130.727	0.933	0.001	0.0024	0	19	21	0.974	0.994	4	-64.244	180.252705882353	134.370352941176
1032	3	139.975	150.108	131.333	0.753	0.6673	0.6911	1	5	19	0.522	0.99	6	-63.987	185.474	136.724
1045	1	148.504	151.882	145.624	NA	NA	NA	NA	40	40	1	1	2	-72.252	191.170666666667	147.837333333333
1045	2	135.37	142.125	129.608	0.935	7e-04	0.0017	0	19	21	0.982	0.988	4	-63.685	179.134705882353	133.252352941176
1045	3	138.334	148.467	129.692	0.808	0.5352	0.5715	1	7	20	0.767	0.977	6	-63.167	183.834	135.084
1053	1	137.845	141.222	134.964	NA	NA	NA	NA	40	40	1	1	2	-66.922	180.510666666667	137.177333333333
1053	2	132.703	139.458	126.941	0.841	0.0147	0.0247	0.0128	19	21	0.947	0.965	4	-62.351	176.466705882353	130.584352941176
1053	3	135.763	145.897	127.121	0.734	0.6579	0.6903	1	9	17	0.679	0.951	6	-61.882	181.264	132.514
1072	1	155.719	159.097	152.838	NA	NA	NA	NA	40	40	1	1	2	-75.86	198.386666666667	155.053333333333
1072	2	133.204	139.96	127.443	0.99	0	0	0	20	20	0.999	0.999	4	-62.602	176.968705882353	131.086352941176
1072	3	136.085	146.219	127.443	0.802	0.4182	0.4558	1	9	20	0.752	1	6	-62.043	181.586	132.836
1092	1	159.825	163.203	156.945	NA	NA	NA	NA	40	40	1	1	2	-77.913	202.492666666667	159.159333333333
1092	2	138.747	145.503	132.986	0.971	8e-04	0.0018	0	19	21	0.978	0.999	4	-65.374	182.512705882353	136.630352941176
1092	3	141.142	151.275	132.5	0.944	0.3675	0.4004	0.5	2	19	0.88	0.987	6	-64.571	186.642	137.892
1107	1	173.766	177.144	170.886	NA	NA	NA	NA	40	40	1	1	2	-84.883	216.432666666667	173.099333333333
1107	2	120.336	127.092	114.575	1	0	0	0	20	20	1	1	4	-56.168	164.100705882353	118.218352941176
1107	3	122.195	132.328	113.552	0.959	0.251	0.2798	0.5	2	20	0.872	1	6	-55.097	167.694	118.944
1119	1	172.686	176.064	169.806	NA	NA	NA	NA	40	40	1	1	2	-84.343	215.352666666667	172.019333333333
1119	2	142.11	148.866	136.348	0.997	0	0	0	20	20	0.999	1	4	-67.055	185.874705882353	139.992352941176
1119	3	145.688	155.821	137.046	0.861	0.6613	0.6824	1	3	20	0.571	1	6	-66.844	191.188	142.438
1136	1	174.936	178.314	172.056	NA	NA	NA	NA	40	40	1	1	2	-85.468	217.602666666667	174.269333333333
1136	2	140.922	147.678	135.161	0.988	0.0208	0.0305	0	20	20	0.995	1	4	-66.461	184.686705882353	138.804352941176
1136	3	138.909	149.042	130.267	0.992	0.1419	0.1609	0.03	1	20	0.991	1	6	-63.455	184.41	135.66
1176	1	177.461	180.838	174.58	NA	NA	NA	NA	40	40	1	1	2	-86.73	220.126666666667	176.793333333333
1176	2	141.725	148.481	135.964	0.999	0	0	0	20	20	1	1	4	-66.863	185.490705882353	139.608352941176
1176	3	144.776	154.909	136.133	0.829	0.4656	0.5015	1	5	20	0.66	1	6	-66.388	190.276	141.526
1191	1	172.032	175.41	169.151	NA	NA	NA	NA	40	40	1	1	2	-84.016	214.698666666667	171.365333333333
1191	2	144.258	151.014	138.497	0.98	1e-04	4e-04	0	20	20	0.99	1	4	-68.129	188.022705882353	142.140352941176
1191	3	144.541	154.675	135.899	0.93	0.0742	0.0977	0.1053	4	20	0.859	1	6	-66.271	190.042	141.292
1222	1	240.479	245.689	239.373	NA	NA	NA	NA	100	100	1	1	2	-118.239	342.728	239.603
1222	2	240.908	251.329	238.696	0.596	0.1383	0.1692	0.25	28	72	0.765	0.94	4	-116.454	343.54629787234	238.22714893617
1222	3	240.694	256.325	237.376	0.755	0.2357	0.2722	0.2143	16	58	0.746	0.931	6	-114.347	343.911391304348	236.302695652174
1239	1	261.95	267.16	260.843	NA	NA	NA	NA	100	100	1	1	2	-128.975	364.2	261.075
1239	2	264.988	275.409	262.776	0.387	0.7	0.7256	0.6667	46	54	0.771	0.828	4	-128.494	367.62629787234	262.30714893617
1239	3	263.518	279.149	260.199	0.759	0.0418	0.055	0.0882	8	61	0.697	0.943	6	-125.759	366.735391304348	259.126695652174
1264	1	261.48	266.69	260.373	NA	NA	NA	NA	100	100	1	1	2	-128.74	363.73	260.605
1264	2	264.313	274.734	262.101	0.421	0.5533	0.5902	0.6667	36	64	0.723	0.884	4	-128.157	366.95229787234	261.63314893617
1264	3	267.085	282.716	263.766	0.615	0.5954	0.6287	0.6667	19	54	0.744	0.835	6	-127.542	370.301391304348	262.692695652174
1279	1	241.195	246.405	240.089	NA	NA	NA	NA	100	100	1	1	2	-118.597	343.444	240.319
1279	2	239.629	250.05	237.417	0.631	0.1385	0.1681	0.0505	37	63	0.843	0.922	4	-115.815	342.26829787234	236.94914893617
1279	3	242.338	257.969	239.019	0.771	0.1864	0.2079	1	1	61	0.727	0.933	6	-115.169	345.555391304348	237.946695652174
1310	1	386.498	391.709	385.392	NA	NA	NA	NA	100	100	1	1	2	-191.249	488.748	385.623
1310	2	338.235	348.656	336.023	0.95	0	0	0	50	50	0.976	0.995	4	-165.118	440.87429787234	335.55514893617
1310	3	339.017	354.648	335.698	0.831	0.1583	0.1902	0.2	15	49	0.745	0.989	6	-163.508	442.233391304348	334.624695652174
1324	1	366.568	371.779	365.462	NA	NA	NA	NA	100	100	1	1	2	-181.284	468.818	365.693
1324	2	335.85	346.271	333.638	0.91	0	0	0	47	53	0.969	0.977	4	-163.925	438.48829787234	333.16914893617
1324	3	338.389	354.02	335.07	0.938	0.2105	0.2342	0.5	1	53	0.863	0.983	6	-163.194	441.605391304348	333.996695652174
1341	1	364.319	369.529	363.213	NA	NA	NA	NA	100	100	1	1	2	-180.159	466.568	363.443
1341	2	350.847	361.268	348.635	0.807	0.0017	0.0031	0	44	56	0.931	0.957	4	-171.424	453.48629787234	348.16714893617
1341	3	353.188	368.819	349.869	0.788	0.2755	0.306	0.6667	5	52	0.536	0.95	6	-170.594	456.405391304348	348.796695652174
1354	1	365.03	370.241	363.924	NA	NA	NA	NA	100	100	1	1	2	-180.515	467.28	364.155
1354	2	340.482	350.902	338.269	0.899	8e-04	0.0014	0	50	50	0.969	0.978	4	-166.241	443.12029787234	337.80114893617
1354	3	341.411	357.043	338.093	0.918	0.0831	0.1009	0.2	1	50	0.451	0.985	6	-164.706	444.629391304348	337.020695652174
1369	1	383.543	388.754	382.437	NA	NA	NA	NA	100	100	1	1	2	-189.772	485.794	382.669
1369	2	351.956	362.376	349.743	0.925	0	1e-04	0	50	50	0.978	0.992	4	-171.978	454.59429787234	349.27514893617
1369	3	353.557	369.188	350.239	0.903	0.173	0.1997	0.2	2	50	0.478	0.996	6	-170.779	456.775391304348	349.166695652174
1382	1	361.272	366.483	360.166	NA	NA	NA	NA	100	100	1	1	2	-178.636	463.522	360.397
1382	2	332.631	343.052	330.419	0.92	3e-04	6e-04	0	49	51	0.978	0.99	4	-162.315	435.26829787234	329.94914893617
1382	3	331.958	347.589	328.639	0.941	0.0283	0.0377	0.12	3	49	0.886	0.996	6	-159.979	435.175391304348	327.566695652174
1409	1	427.312	432.523	426.206	NA	NA	NA	NA	100	100	1	1	2	-211.656	529.562	426.437
1409	2	343.867	354.288	341.655	0.987	0	0	0	50	50	0.991	1	4	-167.934	446.50629787234	341.18714893617
1409	3	346.231	361.862	342.913	0.87	0.3355	0.369	0.5	7	50	0.56	0.998	6	-167.116	449.449391304348	341.840695652174
1414	1	428.8	434.01	427.694	NA	NA	NA	NA	100	100	1	1	2	-212.4	531.05	427.925
1414	2	349.775	360.196	347.563	0.979	0	0	0	49	51	0.99	0.996	4	-170.888	452.41429787234	347.09514893617
1414	3	350.395	366.026	347.077	0.931	0.1271	0.1519	0.25	4	50	0.586	0.999	6	-169.198	453.613391304348	346.004695652174
1430	1	445.828	451.038	444.721	NA	NA	NA	NA	100	100	1	1	2	-220.914	548.078	444.953
1430	2	367.344	377.764	365.131	0.997	0	0	0	50	50	1	1	4	-179.672	469.98229787234	364.66314893617
1430	3	369.738	385.369	366.42	0.986	0.1668	0.1886	0.3333	1	50	0.81	1	6	-178.869	472.955391304348	365.346695652174
1450	1	433.831	439.042	432.725	NA	NA	NA	NA	100	100	1	1	2	-214.916	536.082	432.957
1450	2	353.355	363.776	351.143	0.989	0	0	0	50	50	0.998	0.998	4	-172.677	455.99229787234	350.67314893617
1450	3	352.162	367.793	348.844	0.876	0.2608	0.2949	0.1034	9	49	0.607	0.994	6	-170.081	455.379391304348	347.770695652174
1471	1	426.627	431.837	425.521	NA	NA	NA	NA	100	100	1	1	2	-211.313	528.876	425.751
1471	2	348.416	358.836	346.203	0.988	0	0	0	50	50	0.992	1	4	-170.208	451.05429787234	345.73514893617
1471	3	348.436	364.067	345.117	0.913	0.1507	0.178	0.1579	4	50	0.547	1	6	-168.218	451.653391304348	344.044695652174
1485	1	431.691	436.901	430.584	NA	NA	NA	NA	100	100	1	1	2	-213.845	533.94	430.815
1485	2	368.379	378.8	366.167	0.974	0	0	0	50	50	0.987	0.999	4	-180.19	471.01829787234	365.69914893617
1485	3	368.657	384.288	365.338	0.842	0.1755	0.2048	0.1935	17	50	0.797	0.999	6	-178.328	471.873391304348	364.264695652174
1502	1	796.686	804.094	797.751	NA	NA	NA	NA	300	300	1	1	2	-396.343	1098.76708108108	795.726540540541
1502	2	787.549	802.364	789.678	0.632	0.0022	0.0035	0	51	249	0.649	0.959	4	-389.774	1089.75208163265	784.650040816327
1502	3	786.401	808.624	789.596	0.653	0.1303	0.1557	0.2174	31	138	0.785	0.867	6	-387.201	1088.78556164384	781.593780821918
1531	1	737.424	744.832	738.489	NA	NA	NA	NA	300	300	1	1	2	-366.712	1039.50508108108	736.46454054054
1531	2	739.162	753.977	741.291	0.559	0.2075	0.2324	1	22	278	0.33	0.973	4	-365.581	1041.36608163265	736.264040816327
1531	3	735.113	757.336	738.308	0.704	0.1403	0.1652	0	37	178	0.815	0.898	6	-361.557	1037.49756164384	730.305780821918
1553	1	784.411	791.819	785.476	NA	NA	NA	NA	300	300	1	1	2	-390.206	1086.49308108108	783.452540540541
1553	2	785.247	800.063	787.377	0.402	0.2827	0.3106	1	83	217	0.624	0.901	4	-388.624	1087.45208163265	782.350040816327
1553	3	784.315	806.537	787.509	0.675	0.3963	0.4236	0.1	45	167	0.775	0.896	6	-386.157	1086.69756164384	779.505780821918
1580	1	722.889	730.296	723.954	NA	NA	NA	NA	300	300	1	1	2	-359.444	1024.96908108108	721.928540540541
1580	2	724.201	739.016	726.33	0.431	0.5067	0.5373	1	140	160	0.805	0.838	4	-358.1	1026.40408163265	721.302040816327
1580	3	725.414	747.637	728.608	0.677	0.1967	0.2172	0.2857	3	169	0.381	0.878	6	-356.707	1027.79756164384	720.605780821918
1595	1	794.301	801.708	795.366	NA	NA	NA	NA	300	300	1	1	2	-395.15	1096.38108108108	793.34054054054
1595	2	778.516	793.331	780.646	0.702	0	0	0	59	241	0.771	0.956	4	-385.258	1080.72008163265	775.618040816326
1595	3	778.186	800.409	781.38	0.629	0.1645	0.1938	0.125	45	140	0.811	0.853	6	-383.093	1080.56956164384	773.377780821918
1616	1	1122.517	1129.925	1123.582	NA	NA	NA	NA	300	300	1	1	2	-559.258	1424.59708108108	1121.55654054054
1616	2	985.029	999.844	987.158	0.957	0	0	0	148	152	0.99	0.991	4	-488.514	1287.23208163265	982.130040816327
1616	3	977.45	999.672	980.644	0.901	8e-04	0.0013	0	14	148	0.596	0.996	6	-482.725	1279.83356164384	972.641780821918
1640	1	1118.276	1125.684	1119.341	NA	NA	NA	NA	300	300	1	1	2	-557.138	1420.35708108108	1117.31654054054
1640	2	1005.571	1020.386	1007.7	0.931	0	0	0	146	154	0.98	0.984	4	-498.785	1307.77408163265	1002.67204081633
1640	3	999.07	1021.293	1002.264	0.9	0.0039	0.006	0	8	146	0.474	0.989	6	-493.535	1301.45356164384	994.261780821918
1654	1	1087.427	1094.834	1088.491	NA	NA	NA	NA	300	300	1	1	2	-541.713	1389.50708108108	1086.46654054054
1654	2	1025.668	1040.483	1027.797	0.855	0	0	0	149	151	0.955	0.968	4	-508.834	1327.87208163265	1022.77004081633
1654	3	1022.985	1045.208	1026.179	0.759	0.0244	0.033	0.0408	37	141	0.637	0.965	6	-505.493	1325.36956164384	1018.17778082192
1685	1	1112.052	1119.46	1113.117	NA	NA	NA	NA	300	300	1	1	2	-554.026	1414.13308108108	1111.09254054054
1685	2	1015.14	1029.955	1017.27	0.919	0	0	0	147	153	0.978	0.982	4	-503.57	1317.34408163265	1012.24204081633
1685	3	1010.877	1033.1	1014.072	0.876	0.0056	0.0082	0.0204	12	145	0.539	0.984	6	-499.439	1313.26156164384	1006.06978082192
1714	1	1279.315	1286.722	1280.379	NA	NA	NA	NA	300	300	1	1	2	-637.657	1581.39508108108	1278.35454054054
1714	2	1043.97	1058.785	1046.099	0.991	0	0	0	148	152	0.997	0.998	4	-517.985	1346.17408163265	1041.07204081633
1714	3	1047.193	1069.415	1050.387	0.87	0.7996	0.8123	0.6	3	149	0.118	0.998	6	-517.596	1349.57556164384	1042.38378082192
1734	1	1302.216	1309.623	1303.28	NA	NA	NA	NA	300	300	1	1	2	-649.108	1604.29708108108	1301.25654054054
1734	2	1073.235	1088.05	1075.364	0.985	0	0	0	149	151	0.995	0.998	4	-532.617	1375.43808163265	1070.33604081633
1734	3	1073.278	1095.501	1076.472	0.97	0.0536	0.0639	0.2667	4	149	0.712	0.998	6	-530.639	1375.66156164384	1068.46978082192
1749	1	1276.119	1283.527	1277.184	NA	NA	NA	NA	300	300	1	1	2	-636.059	1578.19908108108	1275.15854054054
1749	2	1025.33	1040.145	1027.459	0.993	0	0	0	148	152	0.997	0.999	4	-508.665	1327.53408163265	1022.43204081633
1749	3	1027.509	1049.732	1030.703	0.768	0.2571	0.2855	0.3333	34	151	0.473	0.997	6	-507.754	1329.89156164384	1022.69978082192
1761	1	1305.908	1313.315	1306.972	NA	NA	NA	NA	300	300	1	1	2	-650.954	1607.98908108108	1304.94854054054
1761	2	1037.833	1052.648	1039.963	0.997	0	0	0	150	150	1	1	4	-514.917	1340.03808163265	1034.93604081633
1761	3	1041.53	1063.753	1044.724	0.852	0.7042	0.7186	0.6667	2	150	0.057	1	6	-514.765	1343.91356164384	1036.72178082192
1773	1	1288.156	1295.563	1289.221	NA	NA	NA	NA	300	300	1	1	2	-642.078	1590.23708108108	1287.19654054054
1773	2	1044.965	1059.78	1047.094	0.988	0	0	0	148	152	0.995	0.998	4	-518.482	1347.16808163265	1042.06604081633
1773	3	1046.226	1068.449	1049.42	0.883	0.1599	0.1819	0.2667	9	148	0.356	0.996	6	-517.113	1348.60956164384	1041.41778082192
1786	1	1276.26	1283.668	1277.325	NA	NA	NA	NA	300	300	1	1	2	-636.13	1578.34108108108	1275.30054054054
1786	2	1037.218	1052.034	1039.348	0.99	0	0	0	149	151	0.997	0.998	4	-514.609	1339.42208163265	1034.32004081633
1786	3	1039.403	1061.626	1042.597	0.797	0.2971	0.3222	0.5	22	149	0.392	0.998	6	-513.701	1341.78556164384	1034.59378082192
1802	1	130.615	133.993	127.734	NA	NA	NA	NA	40	40	1	1	2	-63.308	173.282666666667	129.949333333333
1802	2	132.774	139.529	127.012	0.559	0.4602	0.507	0.5	17	23	0.781	0.95	4	-62.387	176.538705882353	130.656352941176
1802	3	134.632	144.765	125.99	0.771	0.1656	0.1927	1	11	17	0.802	0.989	6	-61.316	180.132	131.382
1814	1	121.327	124.705	118.447	NA	NA	NA	NA	40	40	1	1	2	-58.664	163.994666666667	120.661333333333
1814	2	123.728	130.483	117.966	0.605	0.6146	0.6545	0.5	20	20	0.893	0.918	4	-57.864	167.492705882353	121.610352941176
1814	3	126.023	136.156	117.381	0.803	0.2656	0.2934	1	7	20	0.849	0.993	6	-57.012	171.524	122.774
1834	1	147.654	151.032	144.773	NA	NA	NA	NA	40	40	1	1	2	-71.827	190.320666666667	146.987333333333
1834	2	144.964	151.72	139.203	0.719	0.0639	0.0883	0.05	15	25	0.792	0.99	4	-68.482	188.728705882353	142.846352941176
1834	3	140.943	151.076	132.3	0.856	0.0259	0.0362	0.02	9	16	0.806	0.998	6	-64.471	186.442	137.692
1880	1	118.478	121.856	115.598	NA	NA	NA	NA	40	40	1	1	2	-57.239	161.144666666667	117.811333333333
1880	2	122.043	128.798	116.281	0.406	0.7345	0.7586	1	9	31	0.565	0.94	4	-57.021	165.806705882353	119.924352941176
1880	3	123.179	133.312	114.537	0.924	0.745	0.7744	0.2857	9	16	0.957	0.997	6	-55.59	168.68	119.93
1901	1	127.056	130.434	124.175	NA	NA	NA	NA	40	40	1	1	2	-61.528	169.722666666667	126.389333333333
1901	2	125.522	132.278	119.761	0.767	0.0636	0.0895	0.1463	10	30	0.82	0.99	4	-58.761	169.286705882353	123.404352941176
1901	3	128.528	138.661	119.885	0.829	0.7022	0.7315	1	9	21	0.859	0.987	6	-58.264	174.028	125.278
1916	1	147.145	150.523	144.264	NA	NA	NA	NA	40	40	1	1	2	-71.572	189.810666666667	146.477333333333
1916	2	142.027	148.782	136.265	0.787	0.0266	0.0407	0.0128	17	23	0.834	0.994	4	-67.013	185.790705882353	139.908352941176
1916	3	141.851	151.984	133.208	0.837	0.0525	0.0676	0.2	7	17	0.777	0.993	6	-64.925	187.35	138.6
1944	1	125.449	128.826	122.568	NA	NA	NA	NA	40	40	1	1	2	-60.724	168.114666666667	124.781333333333
1944	2	125.33	132.086	119.569	0.774	0.1587	0.1964	0.2	12	28	0.939	0.95	4	-58.665	169.094705882353	123.212352941176
1944	3	125.808	135.941	117.166	0.896	0.6105	0.6479	0.1765	12	15	0.932	1	6	-56.904	171.308	122.558
1959	1	130.956	134.334	128.075	NA	NA	NA	NA	40	40	1	1	2	-63.478	173.622666666667	130.289333333333
1959	2	130.483	137.239	124.722	0.755	0.1653	0.2081	0.2	17	23	0.922	0.968	4	-61.242	174.248705882353	128.366352941176
1959	3	132.702	142.835	124.059	0.809	0.3386	0.378	0.5	11	17	0.845	0.996	6	-60.351	178.202	129.452
1977	1	118.478	121.856	115.598	NA	NA	NA	NA	40	40	1	1	2	-57.239	161.144666666667	117.811333333333
1977	2	122.043	128.798	116.281	0.406	0.7345	0.7586	1	9	31	0.565	0.94	4	-57.021	165.806705882353	119.924352941176
1977	3	123.179	133.312	114.537	0.924	0.745	0.7744	0.2857	9	16	0.957	0.997	6	-55.59	168.68	119.93
1996	1	118.478	121.856	115.598	NA	NA	NA	NA	40	40	1	1	2	-57.239	161.144666666667	117.811333333333
1996	2	122.043	128.798	116.281	0.406	0.7345	0.7586	1	9	31	0.565	0.94	4	-57.021	165.806705882353	119.924352941176
1996	3	123.179	133.312	114.537	0.924	0.745	0.7744	0.2857	9	16	0.957	0.997	6	-55.59	168.68	119.93
2011	1	118.478	121.856	115.598	NA	NA	NA	NA	40	40	1	1	2	-57.239	161.144666666667	117.811333333333
2011	2	122.043	128.798	116.281	0.406	0.7345	0.7586	1	9	31	0.565	0.94	4	-57.021	165.806705882353	119.924352941176
2011	3	123.179	133.312	114.537	0.924	0.745	0.7744	0.2857	9	16	0.957	0.997	6	-55.59	168.68	119.93
2024	1	130.956	134.334	128.075	NA	NA	NA	NA	40	40	1	1	2	-63.478	173.622666666667	130.289333333333
2024	2	130.483	137.239	124.722	0.755	0.1653	0.2081	0.2	17	23	0.922	0.968	4	-61.242	174.248705882353	128.366352941176
2024	3	132.702	142.835	124.059	0.809	0.3386	0.378	0.5	11	17	0.845	0.996	6	-60.351	178.202	129.452
2039	1	147.654	151.032	144.773	NA	NA	NA	NA	40	40	1	1	2	-71.827	190.320666666667	146.987333333333
2039	2	144.964	151.72	139.203	0.719	0.0639	0.0883	0.05	15	25	0.792	0.99	4	-68.482	188.728705882353	142.846352941176
2039	3	140.943	151.076	132.3	0.856	0.0259	0.0362	0.02	9	16	0.806	0.998	6	-64.471	186.442	137.692
2083	1	127.056	130.434	124.175	NA	NA	NA	NA	40	40	1	1	2	-61.528	169.722666666667	126.389333333333
2083	2	125.522	132.278	119.761	0.767	0.0636	0.0895	0.1463	10	30	0.82	0.99	4	-58.761	169.286705882353	123.404352941176
2083	3	128.528	138.661	119.885	0.829	0.7022	0.7315	1	9	21	0.859	0.987	6	-58.264	174.028	125.278
2104	1	259.432	264.642	258.326	NA	NA	NA	NA	100	100	1	1	2	-127.716	361.682	258.557
2104	2	258.773	269.194	256.561	0.643	0.0916	0.116	0.0923	16	84	0.658	0.98	4	-125.387	361.41229787234	256.09314893617
2104	3	231.988	247.619	228.669	0.995	0.3642	0.3902	0	16	49	0.998	1	6	-109.994	335.205391304348	227.596695652174
2118	1	294.32	299.53	293.213	NA	NA	NA	NA	100	100	1	1	2	-145.16	396.57	293.445
2118	2	298.008	308.429	295.796	0.263	0.8012	0.8181	1	31	69	0.569	0.887	4	-145.004	400.64629787234	295.32714893617
2118	3	294.487	310.118	291.169	0.907	0.4555	0.4895	0.0404	28	41	0.946	0.998	6	-141.244	397.705391304348	290.096695652174
2149	1	252.96	258.17	251.853	NA	NA	NA	NA	100	100	1	1	2	-124.48	355.21	252.085
2149	2	256.637	267.058	254.425	0.858	0.5694	0.5878	1	2	98	0.341	0.991	4	-124.319	359.27629787234	253.95714893617
2149	3	234.548	250.179	231.229	0.992	0.37	0.3984	0	14	48	0.997	1	6	-111.274	337.765391304348	230.156695652174
2160	1	252.96	258.17	251.853	NA	NA	NA	NA	100	100	1	1	2	-124.48	355.21	252.085
2160	2	256.637	267.058	254.425	0.858	0.5694	0.5878	1	2	98	0.341	0.991	4	-124.319	359.27629787234	253.95714893617
2160	3	234.548	250.179	231.229	0.992	0.37	0.3984	0	14	48	0.997	1	6	-111.274	337.765391304348	230.156695652174
2169	1	322.825	328.036	321.719	NA	NA	NA	NA	100	100	1	1	2	-159.413	425.076	321.951
2169	2	323.707	334.127	321.494	0.503	0.1839	0.2172	0.2667	32	68	0.706	0.948	4	-157.853	426.34429787234	321.02514893617
2169	3	320.72	336.351	317.402	0.774	0.0205	0.0284	0.0759	32	35	0.8	0.99	6	-154.36	423.937391304348	316.328695652174
2199	1	252.96	258.17	251.853	NA	NA	NA	NA	100	100	1	1	2	-124.48	355.21	252.085
2199	2	256.637	267.058	254.425	0.858	0.5694	0.5878	1	2	98	0.341	0.991	4	-124.319	359.27629787234	253.95714893617
2199	3	234.548	250.179	231.229	0.992	0.37	0.3984	0	14	48	0.997	1	6	-111.274	337.765391304348	230.156695652174
2209	1	324.05	329.261	322.944	NA	NA	NA	NA	100	100	1	1	2	-160.025	426.3	323.175
2209	2	322.745	333.166	320.533	0.65	0.0338	0.0466	0.0779	23	77	0.78	0.955	4	-157.373	425.38429787234	320.06514893617
2209	3	316.803	332.434	313.484	0.803	0.0084	0.013	0	23	44	0.8	0.996	6	-152.401	420.019391304348	312.410695652174
2238	1	252.96	258.17	251.853	NA	NA	NA	NA	100	100	1	1	2	-124.48	355.21	252.085
2238	2	256.637	267.058	254.425	0.858	0.5694	0.5878	1	2	98	0.341	0.991	4	-124.319	359.27629787234	253.95714893617
2238	3	234.548	250.179	231.229	0.992	0.37	0.3984	0	14	48	0.997	1	6	-111.274	337.765391304348	230.156695652174
2251	1	252.96	258.17	251.853	NA	NA	NA	NA	100	100	1	1	2	-124.48	355.21	252.085
2251	2	256.637	267.058	254.425	0.858	0.5694	0.5878	1	2	98	0.341	0.991	4	-124.319	359.27629787234	253.95714893617
2251	3	234.548	250.179	231.229	0.992	0.37	0.3984	0	14	48	0.997	1	6	-111.274	337.765391304348	230.156695652174
2261	1	330.471	335.682	329.365	NA	NA	NA	NA	100	100	1	1	2	-163.236	432.722	329.597
2261	2	326.32	336.74	324.107	0.693	0.0548	0.0722	0.0303	41	59	0.892	0.955	4	-159.16	428.95829787234	323.63914893617
2261	3	320.993	336.624	317.675	0.808	0.0065	0.0099	0.02	29	41	0.817	0.997	6	-154.497	424.211391304348	316.602695652174
2301	1	331.297	336.507	330.19	NA	NA	NA	NA	100	100	1	1	2	-163.648	433.546	330.421
2301	2	315.497	325.918	313.285	0.797	1e-04	2e-04	0	39	61	0.82	0.996	4	-153.749	418.13629787234	312.81714893617
2301	3	317.954	333.585	314.636	0.786	0.2184	0.2436	0.6667	17	44	0.791	0.968	6	-152.977	421.171391304348	313.562695652174
2307	1	331.297	336.507	330.19	NA	NA	NA	NA	100	100	1	1	2	-163.648	433.546	330.421
2307	2	315.497	325.918	313.285	0.797	1e-04	2e-04	0	39	61	0.82	0.996	4	-153.749	418.13629787234	312.81714893617
2307	3	317.954	333.585	314.636	0.786	0.2184	0.2436	0.6667	17	44	0.791	0.968	6	-152.977	421.171391304348	313.562695652174
2316	1	324.05	329.261	322.944	NA	NA	NA	NA	100	100	1	1	2	-160.025	426.3	323.175
2316	2	322.745	333.166	320.533	0.65	0.0338	0.0466	0.0779	23	77	0.78	0.955	4	-157.373	425.38429787234	320.06514893617
2316	3	316.803	332.434	313.484	0.803	0.0084	0.013	0	23	44	0.8	0.996	6	-152.401	420.019391304348	312.410695652174
2346	1	331.297	336.507	330.19	NA	NA	NA	NA	100	100	1	1	2	-163.648	433.546	330.421
2346	2	315.497	325.918	313.285	0.797	1e-04	2e-04	0	39	61	0.82	0.996	4	-153.749	418.13629787234	312.81714893617
2346	3	317.954	333.585	314.636	0.786	0.2184	0.2436	0.6667	17	44	0.791	0.968	6	-152.977	421.171391304348	313.562695652174
2354	1	354.113	359.324	353.007	NA	NA	NA	NA	100	100	1	1	2	-175.057	456.364	353.239
2354	2	320.085	330.506	317.873	0.905	0	0	0	47	53	0.95	0.998	4	-156.043	422.72429787234	317.40514893617
2354	3	321.922	337.553	318.604	0.843	0.0762	0.0917	0.6667	11	47	0.768	0.99	6	-154.961	425.139391304348	317.530695652174
2366	1	331.297	336.507	330.19	NA	NA	NA	NA	100	100	1	1	2	-163.648	433.546	330.421
2366	2	315.497	325.918	313.285	0.797	1e-04	2e-04	0	39	61	0.82	0.996	4	-153.749	418.13629787234	312.81714893617
2366	3	317.954	333.585	314.636	0.786	0.2184	0.2436	0.6667	17	44	0.791	0.968	6	-152.977	421.171391304348	313.562695652174
2377	1	284.484	289.694	283.378	NA	NA	NA	NA	100	100	1	1	2	-140.242	386.734	283.609
2377	2	287.927	298.347	285.714	0.339	0.6654	0.691	1	24	76	0.545	0.921	4	-139.963	390.56429787234	285.24514893617
2377	3	281.17	296.801	277.852	0.955	0.4518	0.4825	0	24	40	0.978	0.999	6	-134.585	384.387391304348	276.778695652174
2388	1	331.297	336.507	330.19	NA	NA	NA	NA	100	100	1	1	2	-163.648	433.546	330.421
2388	2	315.497	325.918	313.285	0.797	1e-04	2e-04	0	39	61	0.82	0.996	4	-153.749	418.13629787234	312.81714893617
2388	3	317.954	333.585	314.636	0.786	0.2184	0.2436	0.6667	17	44	0.791	0.968	6	-152.977	421.171391304348	313.562695652174
2399	1	354.113	359.324	353.007	NA	NA	NA	NA	100	100	1	1	2	-175.057	456.364	353.239
2399	2	320.085	330.506	317.873	0.905	0	0	0	47	53	0.95	0.998	4	-156.043	422.72429787234	317.40514893617
2399	3	321.922	337.553	318.604	0.843	0.0762	0.0917	0.6667	11	47	0.768	0.99	6	-154.961	425.139391304348	317.530695652174
2416	1	898.792	906.2	899.857	NA	NA	NA	NA	300	300	1	1	2	-447.396	1200.87308108108	897.832540540541
2416	2	898.324	913.139	900.454	0.409	0.0746	0.0918	1	100	200	0.612	0.947	4	-445.162	1200.52808163265	895.426040816326
2416	3	886.933	909.156	890.128	0.881	0.1786	0.1993	0	94	106	0.924	0.995	6	-437.467	1189.31756164384	882.125780821918
2430	1	812.936	820.344	814.001	NA	NA	NA	NA	300	300	1	1	2	-404.468	1115.01708108108	811.976540540541
2430	2	812.835	827.65	814.964	0.539	0.0686	0.0834	1	68	232	0.716	0.904	4	-402.417	1115.03808163265	809.936040816326
2430	3	759.305	781.527	762.499	0.983	0.1174	0.1343	0	68	128	0.994	1	6	-373.652	1061.68756164384	754.495780821918
2440	1	775.978	783.386	777.043	NA	NA	NA	NA	300	300	1	1	2	-385.989	1078.05908108108	775.01854054054
2440	2	779.898	794.713	782.028	0.727	0.8204	0.8282	1	0	300	0	1	4	-385.949	1082.10208163265	777.000040816327
2440	3	705.789	728.012	708.983	0.991	0.1053	0.1212	0	60	144	0.997	1	6	-346.894	1008.17156164384	700.979780821918
2459	1	805.759	813.167	806.824	NA	NA	NA	NA	300	300	1	1	2	-400.88	1107.84108108108	804.800540540541
2459	2	809.422	824.237	811.551	0.227	0.8154	0.8285	1	104	196	0.609	0.836	4	-400.711	1111.62608163265	806.524040816327
2459	3	758.602	780.825	761.797	0.981	0.1096	0.1255	0	64	132	0.993	1	6	-373.301	1060.98556164384	753.793780821918
2474	1	783.932	791.34	784.997	NA	NA	NA	NA	300	300	1	1	2	-389.966	1086.01308108108	782.972540540541
2474	2	782.552	797.368	784.682	0.433	0.0662	0.0835	1	84	216	0.578	0.968	4	-387.276	1084.75608163265	779.654040816327
2474	3	654.549	676.772	657.743	0.999	0.1282	0.1449	0	84	120	1	1	6	-321.274	956.931561643836	649.739780821918
2485	1	805.759	813.167	806.824	NA	NA	NA	NA	300	300	1	1	2	-400.88	1107.84108108108	804.800540540541
2485	2	809.422	824.237	811.551	0.227	0.8154	0.8285	1	104	196	0.609	0.836	4	-400.711	1111.62608163265	806.524040816327
2485	3	758.602	780.825	761.797	0.981	0.1096	0.1255	0	64	132	0.993	1	6	-373.301	1060.98556164384	753.793780821918
2500	1	815.231	822.639	816.296	NA	NA	NA	NA	300	300	1	1	2	-405.616	1117.31308108108	814.27254054054
2500	2	819.047	833.862	821.176	0.176	0.8362	0.847	1	88	212	0.502	0.855	4	-405.523	1121.25008163265	816.148040816327
2500	3	768.937	791.16	772.132	0.98	0.1188	0.1358	0	79	133	0.993	1	6	-378.469	1071.32156164384	764.129780821918
2517	1	812.936	820.344	814.001	NA	NA	NA	NA	300	300	1	1	2	-404.468	1115.01708108108	811.976540540541
2517	2	812.835	827.65	814.964	0.539	0.0686	0.0834	1	68	232	0.716	0.904	4	-402.417	1115.03808163265	809.936040816326
2517	3	759.305	781.527	762.499	0.983	0.1174	0.1343	0	68	128	0.994	1	6	-373.652	1061.68756164384	754.495780821918
2531	1	823.755	831.163	824.82	NA	NA	NA	NA	300	300	1	1	2	-409.877	1125.83508108108	822.794540540541
2531	2	824.178	838.993	826.307	0.562	0.0811	0.0976	1	46	254	0.587	0.936	4	-408.089	1126.38208163265	821.280040816327
2531	3	805.072	827.295	808.266	0.932	0.171	0.1909	0	46	140	0.962	0.998	6	-396.536	1107.45556164384	800.263780821918
2540	1	812.936	820.344	814.001	NA	NA	NA	NA	300	300	1	1	2	-404.468	1115.01708108108	811.976540540541
2540	2	812.835	827.65	814.964	0.539	0.0686	0.0834	1	68	232	0.716	0.904	4	-402.417	1115.03808163265	809.936040816326
2540	3	759.305	781.527	762.499	0.983	0.1174	0.1343	0	68	128	0.994	1	6	-373.652	1061.68756164384	754.495780821918
2550	1	856.358	863.766	857.423	NA	NA	NA	NA	300	300	1	1	2	-426.179	1158.43908108108	855.39854054054
2550	2	848.824	863.639	850.953	0.56	0.0026	0.0043	0	96	204	0.733	0.966	4	-420.412	1151.02808163265	845.926040816326
2550	3	807.652	829.875	810.846	0.974	0.1239	0.1407	0	96	103	0.988	0.999	6	-397.826	1110.03556164384	802.843780821918
2565	1	862.279	869.687	863.344	NA	NA	NA	NA	300	300	1	1	2	-429.14	1164.36108108108	861.32054054054
2565	2	863.94	878.755	866.069	0.378	0.2013	0.2276	1	72	228	0.576	0.923	4	-427.97	1166.14408163265	861.042040816327
2565	3	844.337	866.56	847.531	0.93	0.1719	0.1923	0	72	117	0.962	0.998	6	-416.169	1146.72156164384	839.529780821918
2576	1	812.936	820.344	814.001	NA	NA	NA	NA	300	300	1	1	2	-404.468	1115.01708108108	811.976540540541
2576	2	812.835	827.65	814.964	0.539	0.0686	0.0834	1	68	232	0.716	0.904	4	-402.417	1115.03808163265	809.936040816326
2576	3	759.305	781.527	762.499	0.983	0.1174	0.1343	0	68	128	0.994	1	6	-373.652	1061.68756164384	754.495780821918
2586	1	856.358	863.766	857.423	NA	NA	NA	NA	300	300	1	1	2	-426.179	1158.43908108108	855.39854054054
2586	2	848.824	863.639	850.953	0.56	0.0026	0.0043	0	96	204	0.733	0.966	4	-420.412	1151.02808163265	845.926040816326
2586	3	807.652	829.875	810.846	0.974	0.1239	0.1407	0	96	103	0.988	0.999	6	-397.826	1110.03556164384	802.843780821918
2601	1	805.759	813.167	806.824	NA	NA	NA	NA	300	300	1	1	2	-400.88	1107.84108108108	804.800540540541
2601	2	809.422	824.237	811.551	0.227	0.8154	0.8285	1	104	196	0.609	0.836	4	-400.711	1111.62608163265	806.524040816327
2601	3	758.602	780.825	761.797	0.981	0.1096	0.1255	0	64	132	0.993	1	6	-373.301	1060.98556164384	753.793780821918
2615	1	823.755	831.163	824.82	NA	NA	NA	NA	300	300	1	1	2	-409.877	1125.83508108108	822.794540540541
2615	2	824.178	838.993	826.307	0.562	0.0811	0.0976	1	46	254	0.587	0.936	4	-408.089	1126.38208163265	821.280040816327
2615	3	805.072	827.295	808.266	0.932	0.171	0.1909	0	46	140	0.962	0.998	6	-396.536	1107.45556164384	800.263780821918
2630	1	823.755	831.163	824.82	NA	NA	NA	NA	300	300	1	1	2	-409.877	1125.83508108108	822.794540540541
2630	2	824.178	838.993	826.307	0.562	0.0811	0.0976	1	46	254	0.587	0.936	4	-408.089	1126.38208163265	821.280040816327
2630	3	805.072	827.295	808.266	0.932	0.171	0.1909	0	46	140	0.962	0.998	6	-396.536	1107.45556164384	800.263780821918
2639	1	962.236	969.644	963.301	NA	NA	NA	NA	300	300	1	1	2	-479.118	1264.31708108108	961.276540540541
2639	2	900.135	914.95	902.265	0.815	0	0	0	130	170	0.868	0.996	4	-446.068	1202.34008163265	897.238040816326
2639	3	898.018	920.241	901.212	0.847	0.1707	0.1894	0.051	50	130	0.864	0.984	6	-443.009	1200.40156164384	893.209780821918
2674	1	962.236	969.644	963.301	NA	NA	NA	NA	300	300	1	1	2	-479.118	1264.31708108108	961.276540540541
2674	2	900.135	914.95	902.265	0.815	0	0	0	130	170	0.868	0.996	4	-446.068	1202.34008163265	897.238040816326
2674	3	898.018	920.241	901.212	0.847	0.1707	0.1894	0.051	50	130	0.864	0.984	6	-443.009	1200.40156164384	893.209780821918
