15	1	114.085	117.463	111.204	NA	NA	NA	NA	40	40	1	1	2	-55.043	156.752666666667	113.419333333333
15	2	117.579	124.334	111.817	0.464	0.8292	0.8506	1	17	23	0.819	0.849	4	-54.789	161.342705882353	115.460352941176
15	3	120.493	130.627	111.851	0.74	0.6227	0.6461	1	3	23	0.795	0.912	6	-54.247	165.994	117.244
22	1	142.493	145.871	139.612	NA	NA	NA	NA	40	40	1	1	2	-69.247	185.160666666667	141.827333333333
22	2	146.286	153.042	140.525	0.311	0.9638	0.9671	1	18	22	0.733	0.784	4	-69.143	190.050705882353	144.168352941176
22	3	145.586	155.719	136.944	0.88	0.1022	0.1176	0.1765	4	21	0.848	0.978	6	-66.793	191.086	142.336
39	1	122.757	126.135	119.876	NA	NA	NA	NA	40	40	1	1	2	-59.379	165.424666666667	122.091333333333
39	2	125.71	132.465	119.948	0.575	0.4074	0.4438	0.5	4	36	0.445	0.989	4	-58.855	169.474705882353	123.592352941176
39	3	119.453	129.587	110.811	0.951	0.2072	0.2399	0	4	20	0.963	0.998	6	-53.727	164.954	116.204
71	1	104.381	107.759	101.5	NA	NA	NA	NA	40	40	1	1	2	-50.191	147.048666666667	103.715333333333
71	2	106.431	113.187	100.67	0.666	0.3414	0.385	0.5	8	32	0.748	0.96	4	-49.216	150.196705882353	104.314352941176
71	3	109.62	119.753	100.978	0.646	0.8057	0.825	0.5	7	20	0.785	0.898	6	-48.81	155.12	106.37
86	1	125.454	128.832	122.573	NA	NA	NA	NA	40	40	1	1	2	-60.727	168.120666666667	124.787333333333
86	2	127.474	134.229	121.712	0.657	0.4608	0.5065	0.5	12	28	0.824	0.946	4	-59.737	171.238705882353	125.356352941176
86	3	129.095	139.229	120.453	0.758	0.3998	0.438	0.3333	7	22	0.762	0.938	6	-58.548	174.596	125.846
104	1	144.606	147.984	141.725	NA	NA	NA	NA	40	40	1	1	2	-70.303	187.272666666667	143.939333333333
104	2	138.932	145.688	133.171	0.806	0.0245	0.0377	0	19	21	0.94	0.94	4	-65.466	182.696705882353	136.814352941176
104	3	135.967	146.1	127.325	0.883	0.0689	0.0939	0	10	15	0.852	0.992	6	-61.983	181.466	132.716
133	1	161.225	164.603	158.345	NA	NA	NA	NA	40	40	1	1	2	-78.613	203.892666666667	160.559333333333
133	2	161.878	168.634	156.117	0.716	0.2094	0.2569	0.2273	15	25	0.9	0.941	4	-76.939	205.642705882353	159.760352941176
133	3	162.32	172.453	153.678	0.839	0.3305	0.3788	0.1765	10	18	0.917	0.939	6	-75.16	207.82	159.07
147	1	157.872	161.249	154.991	NA	NA	NA	NA	40	40	1	1	2	-76.936	200.538666666667	157.205333333333
147	2	155.555	162.311	149.794	0.776	0.0421	0.0612	0.0652	11	29	0.831	0.98	4	-73.778	199.320705882353	153.438352941176
147	3	157.745	167.878	149.103	0.742	0.5253	0.5708	0.375	10	16	0.829	0.955	6	-72.872	203.244	154.494
178	1	155.418	158.796	152.537	NA	NA	NA	NA	40	40	1	1	2	-75.709	198.084666666667	154.751333333333
178	2	153.272	160.028	147.511	0.802	0.1092	0.1424	0.0674	13	27	0.898	0.971	4	-72.636	197.036705882353	151.154352941176
178	3	156.3	166.433	147.658	0.739	0.7246	0.7431	1	3	24	0.473	0.952	6	-72.15	201.8	153.05
201	1	182.085	185.463	179.204	NA	NA	NA	NA	40	40	1	1	2	-89.043	224.752666666667	181.419333333333
201	2	157.037	163.792	151.275	0.98	1e-04	2e-04	0	20	20	0.993	1	4	-74.518	200.800705882353	154.918352941176
201	3	157.85	167.983	149.208	0.916	0.4171	0.4613	0.1923	8	18	0.947	0.986	6	-72.925	203.35	154.6
219	1	176.837	180.214	173.956	NA	NA	NA	NA	40	40	1	1	2	-86.418	219.502666666667	176.169333333333
219	2	161.419	168.174	155.657	0.952	2e-04	5e-04	0	20	20	0.978	0.996	4	-76.709	205.182705882353	159.300352941176
219	3	164.689	174.823	156.047	0.765	0.6654	0.694	1	9	19	0.733	0.985	6	-76.345	210.19	161.44
225	1	175.51	178.888	172.629	NA	NA	NA	NA	40	40	1	1	2	-85.755	218.176666666667	174.843333333333
225	2	166.844	173.599	161.082	0.897	0.0106	0.0184	0	18	22	0.972	0.981	4	-79.422	210.608705882353	164.726352941176
225	3	169.432	179.566	160.79	0.776	0.6081	0.6358	1	7	21	0.752	0.975	6	-78.716	214.932	166.182
242	1	187.702	191.079	184.821	NA	NA	NA	NA	40	40	1	1	2	-91.851	230.368666666667	187.035333333333
242	2	172.088	178.844	166.327	0.955	1e-04	4e-04	0	19	21	0.987	0.993	4	-82.044	215.852705882353	169.970352941176
242	3	175.322	185.455	166.68	0.78	0.6543	0.6848	1	9	18	0.772	0.978	6	-81.661	220.822	172.072
248	1	174.182	177.559	171.301	NA	NA	NA	NA	40	40	1	1	2	-85.091	216.848666666667	173.515333333333
248	2	160.13	166.886	154.369	0.947	5e-04	0.0013	0	19	21	0.988	0.989	4	-76.065	203.894705882353	158.012352941176
248	3	163.538	173.671	154.896	0.759	0.7087	0.7291	1	7	21	0.653	0.996	6	-75.769	209.038	160.288
273	1	181.667	185.045	178.787	NA	NA	NA	NA	40	40	1	1	2	-88.834	224.334666666667	181.001333333333
273	2	178.421	185.176	172.659	0.783	0.0433	0.0635	0.03	19	21	0.918	0.964	4	-85.21	222.184705882353	176.302352941176
273	3	179.666	189.799	171.023	0.816	0.2242	0.2687	0.3333	11	18	0.859	0.959	6	-83.833	225.166	176.416
304	1	318.734	323.945	317.628	NA	NA	NA	NA	100	100	1	1	2	-157.367	420.984	317.859
304	2	322.714	333.135	320.502	0.114	0.9534	0.9553	1	50	50	0.658	0.661	4	-157.357	425.35229787234	320.03314893617
304	3	325.101	340.732	321.782	0.661	0.5039	0.5417	1	15	69	0.735	0.916	6	-156.55	428.317391304348	320.708695652174
311	1	294.114	299.325	293.008	NA	NA	NA	NA	100	100	1	1	2	-145.057	396.364	293.239
311	2	297.366	307.786	295.153	0.973	0.3305	0.3521	1	1	99	0.742	0.997	4	-144.683	400.00429787234	294.68514893617
311	3	300.299	315.93	296.98	0.619	0.7225	0.7444	1	1	62	0.73	0.857	6	-144.149	403.515391304348	295.906695652174
332	1	311.092	316.302	309.986	NA	NA	NA	NA	100	100	1	1	2	-153.546	413.342	310.217
332	2	312.217	322.638	310.004	0.506	0.2214	0.2586	0.2667	42	58	0.804	0.881	4	-152.108	414.85429787234	309.53514893617
332	3	313.231	328.862	309.913	0.696	0.3046	0.3484	0.2174	24	49	0.844	0.873	6	-150.616	416.449391304348	308.840695652174
366	1	303.613	308.823	302.507	NA	NA	NA	NA	100	100	1	1	2	-149.806	405.862	302.737
366	2	306.111	316.532	303.899	0.67	0.2595	0.2902	0.6667	9	91	0.511	0.972	4	-149.056	408.75029787234	303.43114893617
366	3	303.3	318.931	299.981	0.782	0.0615	0.0838	0.04	12	60	0.876	0.914	6	-145.65	406.517391304348	298.908695652174
408	1	374.96	380.17	373.853	NA	NA	NA	NA	100	100	1	1	2	-185.48	477.21	374.085
408	2	376.092	386.512	373.879	0.514	0.4532	0.4874	0.2667	50	50	0.842	0.859	4	-184.046	478.73029787234	373.41114893617
408	3	372.05	387.681	368.731	0.803	0.0376	0.0497	0	13	51	0.848	0.932	6	-180.025	475.267391304348	367.658695652174
423	1	405.684	410.894	404.578	NA	NA	NA	NA	100	100	1	1	2	-200.842	507.934	404.809
423	2	387.053	397.474	384.841	0.868	5e-04	0.001	0	48	52	0.965	0.969	4	-189.527	489.69229787234	384.37314893617
423	3	389.695	405.326	386.377	0.869	0.2978	0.3246	0.6	2	50	0.472	0.979	6	-188.848	492.913391304348	385.304695652174
428	1	407.183	412.393	406.077	NA	NA	NA	NA	100	100	1	1	2	-201.591	509.432	406.307
428	2	393.004	403.425	390.792	0.797	2e-04	5e-04	0	50	50	0.94	0.941	4	-192.502	495.64229787234	390.32314893617
428	3	394.751	410.382	391.432	0.729	0.3842	0.4241	0.6667	26	41	0.756	0.944	6	-191.375	497.967391304348	390.358695652174
440	1	391.652	396.862	390.546	NA	NA	NA	NA	100	100	1	1	2	-193.826	493.902	390.777
440	2	383.711	394.132	381.499	0.765	0.0213	0.0305	0	40	60	0.913	0.957	4	-187.856	486.35029787234	381.03114893617
440	3	385.726	401.357	382.407	0.815	0.1677	0.1921	0.6667	2	57	0.448	0.957	6	-186.863	488.943391304348	381.334695652174
452	1	384.055	389.265	382.949	NA	NA	NA	NA	100	100	1	1	2	-190.027	486.304	383.179
452	2	386.266	396.686	384.053	0.48	0.5192	0.5618	0.6667	46	54	0.809	0.867	4	-189.133	488.90429787234	383.58514893617
452	3	390.254	405.885	386.936	0.449	0.9786	0.9788	1	15	47	0.522	0.814	6	-189.127	493.471391304348	385.862695652174
465	1	390.138	395.349	389.032	NA	NA	NA	NA	100	100	1	1	2	-193.069	492.388	389.263
465	2	378.107	388.528	375.895	0.79	6e-04	0.0013	0	49	51	0.931	0.954	4	-185.054	480.74629787234	375.42714893617
465	3	381.209	396.841	377.891	0.653	0.7835	0.8009	0.6667	27	43	0.683	0.925	6	-184.605	484.427391304348	376.818695652174
482	1	409.197	414.407	408.091	NA	NA	NA	NA	100	100	1	1	2	-202.599	511.448	408.323
482	2	404.693	415.114	402.481	0.703	0.0193	0.0293	0.0303	41	59	0.887	0.938	4	-198.347	507.33229787234	402.01314893617
482	3	408.026	423.657	404.708	0.609	0.7094	0.7318	0.6667	21	42	0.674	0.918	6	-198.013	511.243391304348	403.634695652174
518	1	439.139	444.349	438.033	NA	NA	NA	NA	100	100	1	1	2	-217.57	541.39	438.265
518	2	427.889	438.31	425.677	0.79	0.0038	0.0066	0	44	56	0.913	0.963	4	-209.944	530.52629787234	425.20714893617
518	3	431.028	446.659	427.709	0.66	0.7917	0.8052	0.6667	14	44	0.563	0.936	6	-209.514	534.245391304348	426.636695652174
537	1	463.635	468.845	462.529	NA	NA	NA	NA	100	100	1	1	2	-229.817	565.884	462.759
537	2	419.967	430.387	417.754	0.965	0	0	0	49	51	0.991	0.996	4	-205.983	522.60429787234	417.28514893617
537	3	421.874	437.505	418.556	0.905	0.1902	0.2165	0.4286	4	51	0.572	0.996	6	-204.937	525.091391304348	417.482695652174
553	1	441.691	446.902	440.585	NA	NA	NA	NA	100	100	1	1	2	-218.846	543.942	440.817
553	2	406.616	417.037	404.404	0.92	0	0	0	50	50	0.974	0.979	4	-199.308	509.25429787234	403.93514893617
553	3	409.899	425.53	406.581	0.812	0.7896	0.8072	1	5	48	0.341	0.985	6	-198.95	513.117391304348	405.508695652174
567	1	439.02	444.23	437.914	NA	NA	NA	NA	100	100	1	1	2	-217.51	541.27	438.145
567	2	421.057	431.477	418.844	0.847	0	1e-04	0	48	52	0.956	0.961	4	-206.528	523.69429787234	418.37514893617
567	3	424.532	440.163	421.213	0.698	0.6396	0.6629	1	9	46	0.433	0.957	6	-206.266	527.749391304348	420.140695652174
583	1	439.965	445.175	438.859	NA	NA	NA	NA	100	100	1	1	2	-217.982	542.214	439.089
583	2	405.024	415.445	402.812	0.924	0	0	0	49	51	0.971	0.987	4	-198.512	507.66229787234	402.34314893617
583	3	407.737	423.368	404.419	0.894	0.447	0.4761	0.5	2	51	0.432	0.979	6	-197.869	510.955391304348	403.346695652174
600	1	448.239	453.449	447.133	NA	NA	NA	NA	100	100	1	1	2	-222.12	550.49	447.365
600	2	401.03	411.451	398.818	0.965	0	0	0	50	50	0.989	0.996	4	-196.515	503.66829787234	398.34914893617
600	3	398.72	414.351	395.402	0.865	0.0366	0.0497	0.04	10	50	0.665	0.997	6	-193.36	501.937391304348	394.328695652174
650	1	886.417	893.824	887.481	NA	NA	NA	NA	300	300	1	1	2	-441.208	1188.49708108108	885.456540540541
650	2	886.526	901.341	888.656	0.674	0.1091	0.1271	1	22	278	0.446	0.975	4	-439.263	1188.73008163265	883.628040816326
650	3	889.644	911.867	892.839	0.778	0.3284	0.348	0.6667	1	277	0.433	0.98	6	-438.822	1192.02756164384	884.835780821918
667	1	907.727	915.134	908.792	NA	NA	NA	NA	300	300	1	1	2	-451.863	1209.80708108108	906.766540540541
667	2	907.771	922.586	909.9	0.643	0.197	0.2199	1	25	275	0.44	0.971	4	-449.885	1209.97408163265	904.872040816326
667	3	908.303	930.526	911.498	0.743	0.15	0.1704	0.2	5	252	0.496	0.959	6	-448.152	1210.68756164384	903.495780821918
685	1	910.007	917.415	911.072	NA	NA	NA	NA	300	300	1	1	2	-453.004	1212.08908108108	909.048540540541
685	2	910.327	925.142	912.457	0.46	0.3533	0.3807	1	119	181	0.778	0.875	4	-451.164	1212.53208163265	907.430040816326
685	3	906.944	929.166	910.138	0.728	0.0058	0.0083	0.0128	7	181	0.62	0.902	6	-447.472	1209.32756164384	902.135780821918
717	1	1179.571	1186.979	1180.636	NA	NA	NA	NA	300	300	1	1	2	-587.785	1481.65108108108	1178.61054054054
717	2	1158.71	1173.526	1160.84	0.7	0	1e-04	0	142	158	0.915	0.916	4	-575.355	1460.91408163265	1155.81204081633
717	3	1162.659	1184.881	1165.853	0.499	0.917	0.9192	1	71	141	0.56	0.928	6	-575.329	1465.04156164384	1157.84978082192
735	1	1156.771	1164.178	1157.835	NA	NA	NA	NA	300	300	1	1	2	-576.385	1458.85108108108	1155.81054054054
735	2	1132.366	1147.181	1134.496	0.699	0	0	0	138	162	0.896	0.928	4	-562.183	1434.57008163265	1129.46804081633
735	3	1133.547	1155.77	1136.741	0.621	0.3152	0.3466	1	89	106	0.681	0.883	6	-560.774	1435.93156164384	1128.73978082192
753	1	1166.936	1174.344	1168.001	NA	NA	NA	NA	300	300	1	1	2	-581.468	1469.01708108108	1165.97654054054
753	2	1136.158	1150.973	1138.287	0.74	0	0	0	133	167	0.903	0.943	4	-564.079	1438.36208163265	1133.26004081633
753	3	1136.15	1158.373	1139.344	0.656	0.3605	0.3863	0.2174	45	134	0.603	0.928	6	-562.075	1438.53356164384	1131.34178082192
773	1	1145.239	1152.646	1146.303	NA	NA	NA	NA	300	300	1	1	2	-570.619	1447.31908108108	1144.27854054054
773	2	1126.389	1141.205	1128.519	0.667	0	0	0	146	154	0.903	0.906	4	-559.195	1428.59408163265	1123.49204081633
773	3	1128.126	1150.348	1131.32	0.6	0.3902	0.4238	1	92	109	0.702	0.879	6	-558.063	1430.50956164384	1123.31778082192
791	1	1176.295	1183.702	1177.359	NA	NA	NA	NA	300	300	1	1	2	-586.147	1478.37508108108	1175.33454054054
791	2	1155.925	1170.74	1158.055	0.679	0	0	0	150	150	0.906	0.907	4	-573.963	1458.13008163265	1153.02804081633
791	3	1158.865	1181.087	1162.059	0.585	0.6717	0.6971	1	80	119	0.616	0.893	6	-573.432	1461.24756164384	1154.05578082192
808	1	1335.77	1343.177	1336.834	NA	NA	NA	NA	300	300	1	1	2	-665.885	1637.85108108108	1334.81054054054
808	2	1235.024	1249.839	1237.153	0.909	0	0	0	149	151	0.974	0.977	4	-613.512	1537.22808163265	1232.12604081633
808	3	1238.386	1260.609	1241.581	0.887	0.4772	0.5	1	2	149	0.186	0.977	6	-613.193	1540.76956164384	1233.57778082192
827	1	1347.986	1355.393	1349.051	NA	NA	NA	NA	300	300	1	1	2	-671.993	1650.06708108108	1347.02654054054
827	2	1230.268	1245.084	1232.398	0.925	0	0	0	149	151	0.976	0.983	4	-611.134	1532.47208163265	1227.37004081633
827	3	1232.062	1254.284	1235.256	0.797	0.2489	0.279	0.6	25	146	0.468	0.98	6	-610.031	1534.44556164384	1227.25378082192
846	1	1322.692	1330.1	1323.757	NA	NA	NA	NA	300	300	1	1	2	-659.346	1624.77308108108	1321.73254054054
846	2	1218.318	1233.134	1220.448	0.918	0	0	0	149	151	0.972	0.981	4	-605.159	1520.52208163265	1215.42004081633
846	3	1222.19	1244.413	1225.384	0.696	0.8616	0.8672	1	12	151	0.125	0.983	6	-605.095	1524.57356164384	1217.38178082192
866	1	1316.128	1323.535	1317.193	NA	NA	NA	NA	300	300	1	1	2	-656.064	1618.20908108108	1315.16854054054
866	2	1216.903	1231.719	1219.033	0.911	0	0	0	147	153	0.973	0.981	4	-604.452	1519.10808163265	1214.00604081633
866	3	1218.964	1241.187	1222.159	0.714	0.2746	0.3045	0.6667	64	148	0.646	0.979	6	-603.482	1521.34756164384	1214.15578082192
884	1	1305.261	1312.669	1306.326	NA	NA	NA	NA	300	300	1	1	2	-650.631	1607.34308108108	1304.30254054054
884	2	1214.972	1229.787	1217.102	0.903	0	0	0	150	150	0.969	0.982	4	-603.486	1517.17608163265	1212.07404081633
884	3	1218.361	1240.584	1221.556	0.856	0.5144	0.534	1	4	150	0.207	0.986	6	-603.181	1520.74556164384	1213.55378082192
902	1	110.161	113.538	107.28	NA	NA	NA	NA	40	40	1	1	2	-53.08	152.826666666667	109.493333333333
902	2	114.084	120.839	108.322	0.26	0.9684	0.9724	1	17	23	0.685	0.806	4	-53.042	157.848705882353	111.966352941176
902	3	117.47	127.603	108.828	0.705	0.6788	0.6925	0.6667	2	21	0.874	0.88	6	-52.735	162.97	114.22
920	1	109.392	112.77	106.512	NA	NA	NA	NA	40	40	1	1	2	-52.696	152.058666666667	108.725333333333
920	2	109.647	116.402	103.885	0.912	0.0525	0.0693	0.2083	2	38	0.693	0.987	4	-50.823	153.410705882353	107.528352941176
920	3	108.979	119.112	100.337	0.889	0.5403	0.5793	0.1463	4	27	0.91	0.996	6	-48.489	154.478	105.728
949	1	99.863	103.241	96.982	NA	NA	NA	NA	40	40	1	1	2	-47.932	142.530666666667	99.1973333333333
949	2	102.415	109.171	96.654	0.632	0.3104	0.3484	0.5	5	35	0.548	0.98	4	-47.208	146.180705882353	100.298352941176
949	3	98.103	108.236	89.461	0.901	0.0532	0.077	0	5	21	0.957	0.964	6	-43.051	143.602	94.852
978	1	102.136	105.514	99.256	NA	NA	NA	NA	40	40	1	1	2	-49.068	144.802666666667	101.469333333333
978	2	103.441	110.196	97.679	0.645	0.2766	0.3252	0.3077	15	25	0.854	0.919	4	-47.72	147.204705882353	101.322352941176
978	3	107.162	117.296	98.52	0.577	0.8888	0.8981	1	10	17	0.684	0.846	6	-47.581	152.662	103.912
987	1	104.227	107.605	101.346	NA	NA	NA	NA	40	40	1	1	2	-50.113	146.892666666667	103.559333333333
987	2	97.767	104.522	92.005	0.884	0.0178	0.0288	0	15	25	0.957	0.978	4	-44.883	141.530705882353	95.6483529411765
987	3	101.196	111.329	92.554	0.879	0.4183	0.444	1	1	24	0.555	0.969	6	-44.598	146.696	97.946
1011	1	148.056	151.434	145.176	NA	NA	NA	NA	40	40	1	1	2	-72.028	190.722666666667	147.389333333333
1011	2	141.303	148.058	135.541	0.904	0.0061	0.0116	0	20	20	0.975	0.987	4	-66.651	185.066705882353	139.184352941176
1011	3	144.79	154.923	136.147	0.792	0.6984	0.7192	1	5	20	0.677	0.991	6	-66.395	190.29	141.54
1036	1	154.287	157.665	151.407	NA	NA	NA	NA	40	40	1	1	2	-75.144	196.954666666667	153.621333333333
1036	2	149.322	156.078	143.561	0.869	0.0488	0.0706	0.02	19	21	0.966	0.973	4	-70.661	193.086705882353	147.204352941176
1036	3	151.549	161.682	142.906	0.825	0.3619	0.3999	0.3333	3	19	0.572	0.967	6	-69.774	197.048	148.298
1062	1	158.651	162.029	155.771	NA	NA	NA	NA	40	40	1	1	2	-77.326	201.318666666667	157.985333333333
1062	2	137.258	144.013	131.496	0.991	0.0167	0.0253	0	20	20	0.999	0.999	4	-64.629	181.022705882353	135.140352941176
1062	3	134.303	144.437	125.661	0.992	0.0255	0.0368	0	2	20	0.988	1	6	-61.152	179.804	131.054
1082	1	150.26	153.638	147.379	NA	NA	NA	NA	40	40	1	1	2	-73.13	192.926666666667	149.593333333333
1082	2	135.678	142.434	129.917	0.934	5e-04	0.0014	0	19	21	0.976	0.987	4	-63.839	179.442705882353	133.560352941176
1082	3	139.415	149.548	130.773	0.86	0.7452	0.7608	1	3	19	0.649	0.971	6	-63.708	184.916	136.166
1097	1	137.589	140.967	134.708	NA	NA	NA	NA	40	40	1	1	2	-66.795	180.256666666667	136.923333333333
1097	2	134.786	141.541	129.024	0.832	0.0754	0.1031	0.05	18	22	0.943	0.975	4	-63.393	178.550705882353	132.668352941176
1097	3	135.229	145.362	126.587	0.859	0.1724	0.2111	0.1176	7	18	0.884	0.995	6	-61.615	180.73	131.98
1141	1	166.894	170.272	164.013	NA	NA	NA	NA	40	40	1	1	2	-81.447	209.560666666667	166.227333333333
1141	2	128.12	134.876	122.359	1	0	0	0	20	20	1	1	4	-60.06	171.884705882353	126.002352941176
1141	3	128.818	138.951	120.175	0.933	0.4909	0.5246	0.1053	7	20	0.95	1	6	-58.409	174.318	125.568
1158	1	171.52	174.898	168.64	NA	NA	NA	NA	40	40	1	1	2	-83.76	214.186666666667	170.853333333333
1158	2	136.438	143.194	130.677	0.999	0	0	0	19	21	1	1	4	-64.219	180.202705882353	134.320352941176
1158	3	140.207	150.341	131.565	0.916	0.7441	0.7553	1	1	20	0.372	1	6	-64.104	185.708	136.958
1166	1	170.372	173.75	167.492	NA	NA	NA	NA	40	40	1	1	2	-83.186	213.038666666667	169.705333333333
1166	2	138.275	145.03	132.513	0.999	0	0	0	19	21	1	1	4	-65.137	182.038705882353	136.156352941176
1166	3	137.58	147.713	128.937	0.907	0.1348	0.1694	0.0404	9	19	0.902	1	6	-62.79	183.08	134.33
1200	1	172.009	175.386	169.128	NA	NA	NA	NA	40	40	1	1	2	-84.004	214.674666666667	171.341333333333
1200	2	138.327	145.082	132.565	1	2e-04	5e-04	0	20	20	1	1	4	-65.163	182.090705882353	136.208352941176
1200	3	136.432	146.566	127.79	0.931	0.0703	0.0925	0.0303	5	20	0.901	1	6	-62.216	181.932	133.182
1231	1	251.661	256.871	250.555	NA	NA	NA	NA	100	100	1	1	2	-123.83	353.91	250.785
1231	2	252.765	263.185	250.552	0.746	0.3056	0.3342	0.2667	6	94	0.46	0.984	4	-122.382	355.40229787234	250.08314893617
1231	3	252.29	267.921	248.972	0.785	0.5548	0.5856	0.2	11	49	0.897	0.95	6	-120.145	355.507391304348	247.898695652174
1252	1	259.8	265.01	258.694	NA	NA	NA	NA	100	100	1	1	2	-127.9	362.05	258.925
1252	2	260.189	270.61	257.977	0.55	0.2244	0.2626	0.25	48	52	0.854	0.876	4	-126.095	362.82829787234	257.50914893617
1252	3	260.647	276.278	257.329	0.729	0.2999	0.3391	0.2	21	46	0.864	0.893	6	-124.324	363.865391304348	256.256695652174
1269	1	245.13	250.34	244.023	NA	NA	NA	NA	100	100	1	1	2	-120.565	347.38	244.255
1269	2	247.596	258.017	245.384	0.46	0.4805	0.5216	0.6667	38	62	0.778	0.867	4	-119.798	350.23429787234	244.91514893617
1269	3	251.515	267.146	248.196	0.459	0.9042	0.9087	1	7	64	0.313	0.856	6	-119.757	354.731391304348	247.122695652174
1285	1	234.713	239.923	233.607	NA	NA	NA	NA	100	100	1	1	2	-115.356	336.962	233.837
1285	2	237.198	247.619	234.986	0.447	0.5966	0.6304	0.6667	49	51	0.817	0.843	4	-114.599	339.83629787234	234.51714893617
1285	3	239.119	254.75	235.801	0.684	0.2484	0.2778	0.4286	6	51	0.578	0.899	6	-113.56	342.337391304348	234.728695652174
1301	1	373.773	378.984	372.667	NA	NA	NA	NA	100	100	1	1	2	-184.887	476.024	372.899
1301	2	335.596	346.016	333.383	0.94	0	0	0	42	58	0.968	0.996	4	-163.798	438.23429787234	332.91514893617
1301	3	339.373	355.004	336.055	0.831	0.7627	0.7756	1	2	56	0.192	0.979	6	-163.687	442.591391304348	334.982695652174
1314	1	386.688	391.898	385.582	NA	NA	NA	NA	100	100	1	1	2	-191.344	488.938	385.813
1314	2	361.507	371.927	359.294	0.897	0	0	0	49	51	0.968	0.983	4	-176.753	464.14429787234	358.82514893617
1314	3	363.408	379.039	360.089	0.749	0.2839	0.3196	0.3333	20	47	0.754	0.983	6	-175.704	466.625391304348	359.016695652174
1329	1	361.307	366.517	360.201	NA	NA	NA	NA	100	100	1	1	2	-178.653	463.556	360.431
1329	2	341.519	351.939	339.306	0.862	0	1e-04	0	48	52	0.96	0.964	4	-166.759	444.15629787234	338.83714893617
1329	3	344.75	360.381	341.431	0.769	0.5442	0.5704	0.6667	7	48	0.494	0.95	6	-166.375	447.967391304348	340.358695652174
1344	1	370.803	376.013	369.697	NA	NA	NA	NA	100	100	1	1	2	-183.401	473.052	369.927
1344	2	333.97	344.391	331.758	0.947	0	0	0	49	51	0.987	0.99	4	-162.985	436.60829787234	331.28914893617
1344	3	337.365	352.996	334.046	0.729	0.6512	0.6747	1	20	48	0.674	0.986	6	-162.682	440.581391304348	332.972695652174
1359	1	381.451	386.661	380.345	NA	NA	NA	NA	100	100	1	1	2	-188.725	483.7	380.575
1359	2	349.592	360.012	347.379	0.915	1e-04	2e-04	0	47	53	0.976	0.98	4	-170.796	452.23029787234	346.91114893617
1359	3	348.862	364.493	345.544	0.873	0.0644	0.0819	0.0882	6	48	0.66	0.983	6	-168.431	452.079391304348	344.470695652174
1386	1	359.672	364.882	358.566	NA	NA	NA	NA	100	100	1	1	2	-177.836	461.922	358.797
1386	2	319.833	330.253	317.62	0.946	0	0	0	50	50	0.982	0.992	4	-155.916	422.47029787234	317.15114893617
1386	3	323.616	339.247	320.298	0.84	0.7297	0.7437	1	2	50	0.206	0.994	6	-155.808	426.833391304348	319.224695652174
1404	1	427.644	432.854	426.538	NA	NA	NA	NA	100	100	1	1	2	-211.822	529.894	426.769
1404	2	349.652	360.073	347.44	0.992	0	0	0	49	51	0.999	0.999	4	-170.826	452.29029787234	346.97114893617
1404	3	352.552	368.183	349.234	0.874	0.3884	0.4226	0.6	5	51	0.482	1	6	-170.276	455.769391304348	348.160695652174
1419	1	431.433	436.643	430.326	NA	NA	NA	NA	100	100	1	1	2	-213.716	533.682	430.557
1419	2	353.774	364.195	351.562	0.98	0	0	0	50	50	0.988	1	4	-172.887	456.41229787234	351.09314893617
1419	3	355.45	371.081	352.131	0.912	0.2129	0.2402	0.3333	4	50	0.53	0.998	6	-171.725	458.667391304348	351.058695652174
1436	1	434.313	439.523	433.207	NA	NA	NA	NA	100	100	1	1	2	-215.157	536.564	433.439
1436	2	361.285	371.705	359.072	0.984	0	0	0	50	50	0.992	0.999	4	-176.642	463.92229787234	358.60314893617
1436	3	362.524	378.155	359.206	0.96	0.1111	0.1306	0.3077	2	50	0.708	0.999	6	-175.262	465.741391304348	358.132695652174
1456	1	419.98	425.19	418.874	NA	NA	NA	NA	100	100	1	1	2	-207.99	522.23	419.105
1456	2	345.664	356.084	343.451	0.986	0	0	0	50	50	0.991	1	4	-168.832	448.30229787234	342.98314893617
1456	3	348.837	364.468	345.519	0.948	0.4345	0.46	0.6	1	50	0.333	1	6	-168.419	452.055391304348	344.446695652174
1476	1	445.131	450.341	444.025	NA	NA	NA	NA	100	100	1	1	2	-220.565	547.38	444.255
1476	2	336.789	347.21	334.577	0.999	0	0	0	50	50	1	1	4	-164.395	439.42829787234	334.10914893617
1476	3	339.243	354.874	335.925	0.77	0.4112	0.4466	0.3333	19	50	0.661	1	6	-163.622	442.461391304348	334.852695652174
1491	1	440.341	445.551	439.234	NA	NA	NA	NA	100	100	1	1	2	-218.17	542.59	439.465
1491	2	365.808	376.229	363.596	0.995	0	0	0	49	51	0.999	1	4	-178.904	468.44629787234	363.12714893617
1491	3	367.535	383.166	364.216	0.861	0.2435	0.2742	0.2857	8	49	0.58	1	6	-177.767	470.751391304348	363.142695652174
1508	1	818.896	826.303	819.96	NA	NA	NA	NA	300	300	1	1	2	-407.448	1120.97708108108	817.93654054054
1508	2	811.274	826.089	813.404	0.854	2e-04	4e-04	0	13	287	0.571	0.992	4	-401.637	1113.47808163265	808.376040816327
1508	3	809.716	831.939	812.911	0.659	0.0705	0.0891	0.3333	13	161	0.779	0.857	6	-398.858	1112.09956164384	804.907780821918
1533	1	786.681	794.088	787.746	NA	NA	NA	NA	300	300	1	1	2	-391.34	1088.76108108108	785.72054054054
1533	2	784.147	798.962	786.277	0.566	0.0797	0.0951	0	43	257	0.538	0.953	4	-388.074	1086.35208163265	781.250040816327
1533	3	784.264	806.486	787.458	0.619	0.2004	0.2253	1	16	152	0.607	0.839	6	-386.132	1086.64756164384	779.455780821918
1556	1	782.913	790.32	783.978	NA	NA	NA	NA	300	300	1	1	2	-389.456	1084.99308108108	781.952540540541
1556	2	780.914	795.729	783.044	0.485	0.163	0.1853	0.04	88	212	0.706	0.904	4	-386.457	1083.11808163265	778.016040816326
1556	3	782.112	804.335	785.306	0.684	0.0507	0.0592	0.2857	1	193	0.768	0.895	6	-385.056	1084.49556164384	777.303780821918
1600	1	750.787	758.194	751.852	NA	NA	NA	NA	300	300	1	1	2	-373.393	1052.86708108108	749.82654054054
1600	2	752.856	767.671	754.986	0.406	0.4105	0.4368	1	47	253	0.436	0.936	4	-372.428	1055.06008163265	749.958040816327
1600	3	752.158	774.38	755.352	0.639	0.1046	0.1241	0.1277	24	174	0.692	0.869	6	-370.079	1054.54156164384	747.349780821918
1620	1	1102.503	1109.91	1103.567	NA	NA	NA	NA	300	300	1	1	2	-549.251	1404.58308108108	1101.54254054054
1620	2	1007.702	1022.518	1009.832	0.914	0	0	0	147	153	0.972	0.985	4	-499.851	1309.90608163265	1004.80404081633
1620	3	1009.217	1031.44	1012.411	0.94	0.1178	0.1324	0.3333	1	152	0.537	0.987	6	-498.609	1311.60156164384	1004.40978082192
1630	1	1116.407	1123.815	1117.472	NA	NA	NA	NA	300	300	1	1	2	-556.204	1418.48908108108	1115.44854054054
1630	2	957.63	972.445	959.76	0.954	0	0	0	142	158	0.985	0.99	4	-474.815	1259.83408163265	954.732040816327
1630	3	957.072	979.295	960.266	0.833	0.1507	0.1742	0.1176	25	139	0.544	0.988	6	-472.536	1259.45556164384	952.263780821918
1648	1	1120.94	1128.347	1122.004	NA	NA	NA	NA	300	300	1	1	2	-558.47	1423.02108108108	1119.98054054054
1648	2	1013.515	1028.33	1015.645	0.926	0	0	0	143	157	0.98	0.982	4	-502.758	1315.72008163265	1010.61804081633
1648	3	1014.898	1037.12	1018.092	0.952	0.088	0.1006	0.3333	1	156	0.794	0.984	6	-501.449	1317.28156164384	1010.08978082192
1662	1	1108.608	1116.015	1109.673	NA	NA	NA	NA	300	300	1	1	2	-552.304	1410.68908108108	1107.64854054054
1662	2	1012.23	1027.045	1014.359	0.914	0	0	0	140	160	0.976	0.98	4	-502.115	1314.43408163265	1009.33204081633
1662	3	1011.848	1034.071	1015.043	0.801	0.1752	0.1999	0.0882	17	144	0.419	0.986	6	-499.924	1314.23156164384	1007.03978082192
1691	1	1106.725	1114.132	1107.789	NA	NA	NA	NA	300	300	1	1	2	-551.362	1408.80508108108	1105.76454054054
1691	2	1002.261	1017.077	1004.391	0.913	0	0	0	147	153	0.973	0.977	4	-497.131	1304.46608163265	999.364040816326
1691	3	1002.511	1024.733	1005.705	0.933	0.204	0.2281	0.2353	1	152	0.369	0.977	6	-495.255	1304.89356164384	997.701780821918
1703	1	1289.795	1297.203	1290.86	NA	NA	NA	NA	300	300	1	1	2	-642.898	1591.87708108108	1288.83654054054
1703	2	1058.55	1073.365	1060.679	0.986	0	0	0	149	151	0.994	1	4	-525.275	1360.75408163265	1055.65204081633
1703	3	1058.567	1080.79	1061.761	0.885	0.1149	0.1314	0.1132	14	149	0.484	0.999	6	-523.284	1360.95156164384	1053.75978082192
1720	1	1278.555	1285.962	1279.619	NA	NA	NA	NA	300	300	1	1	2	-637.277	1580.63508108108	1277.59454054054
1720	2	1055.188	1070.003	1057.317	0.989	0	0	0	145	155	0.994	1	4	-523.594	1357.39208163265	1052.29004081633
1720	3	1041.51	1063.733	1044.705	0.972	0	0	0	6	149	0.738	0.996	6	-514.755	1343.89356164384	1036.70178082192
1738	1	1307.676	1315.084	1308.741	NA	NA	NA	NA	300	300	1	1	2	-651.838	1609.75708108108	1306.71654054054
1738	2	1104.66	1119.475	1106.789	0.98	0	0	0	149	151	0.993	0.996	4	-548.33	1406.86408163265	1101.76204081633
1738	3	1104.598	1126.821	1107.792	0.91	0.2052	0.2307	0.1132	5	149	0.343	0.997	6	-546.299	1406.98156164384	1099.78978082192
1765	1	1306.778	1314.186	1307.843	NA	NA	NA	NA	300	300	1	1	2	-651.389	1608.85908108108	1305.81854054054
1765	2	1071.093	1085.908	1073.222	0.986	0	0	0	148	152	0.996	0.996	4	-531.546	1373.29608163265	1068.19404081633
1765	3	1059.43	1081.653	1062.624	0.933	9e-04	0.0015	0	15	148	0.732	0.998	6	-523.715	1361.81356164384	1054.62178082192
1777	1	1295.431	1302.839	1296.496	NA	NA	NA	NA	300	300	1	1	2	-645.716	1597.51308108108	1294.47254054054
1777	2	1059.435	1074.25	1061.565	0.981	0	0	0	147	153	0.994	0.996	4	-525.718	1361.64008163265	1056.53804081633
1777	3	1057.865	1080.088	1061.059	0.935	0.0484	0.0605	0.1071	11	149	0.617	0.994	6	-522.933	1360.24956164384	1053.05778082192
1806	1	139.194	142.571	136.313	NA	NA	NA	NA	40	40	1	1	2	-67.597	181.860666666667	138.527333333333
1806	2	127.532	134.288	121.77	0.91	7e-04	0.0019	0	18	22	0.945	0.999	4	-59.766	171.296705882353	125.414352941176
1806	3	131.279	141.413	122.637	0.846	0.5467	0.58	1	4	18	0.778	0.979	6	-59.64	176.78	128.03
1819	1	130.902	134.28	128.022	NA	NA	NA	NA	40	40	1	1	2	-63.451	173.568666666667	130.235333333333
1819	2	128.318	135.074	122.557	0.826	0.0406	0.0601	0.05	12	28	0.936	0.979	4	-60.159	172.082705882353	126.200352941176
1819	3	130.227	140.36	121.584	0.854	0.5956	0.6328	1	11	17	0.882	0.999	6	-59.113	175.726	126.976
1845	1	124.473	127.851	121.592	NA	NA	NA	NA	40	40	1	1	2	-60.237	167.140666666667	123.807333333333
1845	2	125.003	131.759	119.242	0.757	0.2309	0.2723	0.2083	12	28	0.937	0.939	4	-58.502	168.768705882353	122.886352941176
1845	3	125.102	135.236	116.46	0.894	0.5764	0.6158	0.1714	12	16	0.931	1	6	-56.551	170.602	121.852
1860	1	139.194	142.571	136.313	NA	NA	NA	NA	40	40	1	1	2	-67.597	181.860666666667	138.527333333333
1860	2	127.532	134.288	121.77	0.91	7e-04	0.0019	0	18	22	0.945	0.999	4	-59.766	171.296705882353	125.414352941176
1860	3	131.279	141.413	122.637	0.846	0.5467	0.58	1	4	18	0.778	0.979	6	-59.64	176.78	128.03
1871	1	147.654	151.032	144.773	NA	NA	NA	NA	40	40	1	1	2	-71.827	190.320666666667	146.987333333333
1871	2	144.964	151.72	139.203	0.719	0.0639	0.0883	0.05	15	25	0.792	0.99	4	-68.482	188.728705882353	142.846352941176
1871	3	140.943	151.076	132.3	0.856	0.0259	0.0362	0.02	9	16	0.806	0.998	6	-64.471	186.442	137.692
1921	1	127.056	130.434	124.175	NA	NA	NA	NA	40	40	1	1	2	-61.528	169.722666666667	126.389333333333
1921	2	125.522	132.278	119.761	0.767	0.0636	0.0895	0.1463	10	30	0.82	0.99	4	-58.761	169.286705882353	123.404352941176
1921	3	128.528	138.661	119.885	0.829	0.7022	0.7315	1	9	21	0.859	0.987	6	-58.264	174.028	125.278
1934	1	127.056	130.434	124.175	NA	NA	NA	NA	40	40	1	1	2	-61.528	169.722666666667	126.389333333333
1934	2	125.522	132.278	119.761	0.767	0.0636	0.0895	0.1463	10	30	0.82	0.99	4	-58.761	169.286705882353	123.404352941176
1934	3	128.528	138.661	119.885	0.829	0.7022	0.7315	1	9	21	0.859	0.987	6	-58.264	174.028	125.278
1948	1	121.327	124.705	118.447	NA	NA	NA	NA	40	40	1	1	2	-58.664	163.994666666667	120.661333333333
1948	2	123.728	130.483	117.966	0.605	0.6146	0.6545	0.5	20	20	0.893	0.918	4	-57.864	167.492705882353	121.610352941176
1948	3	126.023	136.156	117.381	0.803	0.2656	0.2934	1	7	20	0.849	0.993	6	-57.012	171.524	122.774
1965	1	139.194	142.571	136.313	NA	NA	NA	NA	40	40	1	1	2	-67.597	181.860666666667	138.527333333333
1965	2	127.532	134.288	121.77	0.91	7e-04	0.0019	0	18	22	0.945	0.999	4	-59.766	171.296705882353	125.414352941176
1965	3	131.279	141.413	122.637	0.846	0.5467	0.58	1	4	18	0.778	0.979	6	-59.64	176.78	128.03
1983	1	125.449	128.826	122.568	NA	NA	NA	NA	40	40	1	1	2	-60.724	168.114666666667	124.781333333333
1983	2	125.33	132.086	119.569	0.774	0.1587	0.1964	0.2	12	28	0.939	0.95	4	-58.665	169.094705882353	123.212352941176
1983	3	125.808	135.941	117.166	0.896	0.6105	0.6479	0.1765	12	15	0.932	1	6	-56.904	171.308	122.558
1999	1	147.654	151.032	144.773	NA	NA	NA	NA	40	40	1	1	2	-71.827	190.320666666667	146.987333333333
1999	2	144.964	151.72	139.203	0.719	0.0639	0.0883	0.05	15	25	0.792	0.99	4	-68.482	188.728705882353	142.846352941176
1999	3	140.943	151.076	132.3	0.856	0.0259	0.0362	0.02	9	16	0.806	0.998	6	-64.471	186.442	137.692
2043	1	147.145	150.523	144.264	NA	NA	NA	NA	40	40	1	1	2	-71.572	189.810666666667	146.477333333333
2043	2	142.027	148.782	136.265	0.787	0.0266	0.0407	0.0128	17	23	0.834	0.994	4	-67.013	185.790705882353	139.908352941176
2043	3	141.851	151.984	133.208	0.837	0.0525	0.0676	0.2	7	17	0.777	0.993	6	-64.925	187.35	138.6
2071	1	125.449	128.826	122.568	NA	NA	NA	NA	40	40	1	1	2	-60.724	168.114666666667	124.781333333333
2071	2	125.33	132.086	119.569	0.774	0.1587	0.1964	0.2	12	28	0.939	0.95	4	-58.665	169.094705882353	123.212352941176
2071	3	125.808	135.941	117.166	0.896	0.6105	0.6479	0.1765	12	15	0.932	1	6	-56.904	171.308	122.558
2092	1	125.449	128.826	122.568	NA	NA	NA	NA	40	40	1	1	2	-60.724	168.114666666667	124.781333333333
2092	2	125.33	132.086	119.569	0.774	0.1587	0.1964	0.2	12	28	0.939	0.95	4	-58.665	169.094705882353	123.212352941176
2092	3	125.808	135.941	117.166	0.896	0.6105	0.6479	0.1765	12	15	0.932	1	6	-56.904	171.308	122.558
2109	1	261.013	266.223	259.907	NA	NA	NA	NA	100	100	1	1	2	-128.506	363.262	260.137
2109	2	263.317	273.738	261.105	0.442	0.4819	0.5245	0.6667	32	68	0.659	0.953	4	-127.659	365.95629787234	260.63714893617
2109	3	219.738	235.369	216.419	0.999	0.391	0.4161	0	27	41	1	1	6	-103.869	322.955391304348	215.346695652174
2124	1	252.96	258.17	251.853	NA	NA	NA	NA	100	100	1	1	2	-124.48	355.21	252.085
2124	2	256.637	267.058	254.425	0.858	0.5694	0.5878	1	2	98	0.341	0.991	4	-124.319	359.27629787234	253.95714893617
2124	3	234.548	250.179	231.229	0.992	0.37	0.3984	0	14	48	0.997	1	6	-111.274	337.765391304348	230.156695652174
2133	1	284.484	289.694	283.378	NA	NA	NA	NA	100	100	1	1	2	-140.242	386.734	283.609
2133	2	287.927	298.347	285.714	0.339	0.6654	0.691	1	24	76	0.545	0.921	4	-139.963	390.56429787234	285.24514893617
2133	3	281.17	296.801	277.852	0.955	0.4518	0.4825	0	24	40	0.978	0.999	6	-134.585	384.387391304348	276.778695652174
2142	1	324.05	329.261	322.944	NA	NA	NA	NA	100	100	1	1	2	-160.025	426.3	323.175
2142	2	322.745	333.166	320.533	0.65	0.0338	0.0466	0.0779	23	77	0.78	0.955	4	-157.373	425.38429787234	320.06514893617
2142	3	316.803	332.434	313.484	0.803	0.0084	0.013	0	23	44	0.8	0.996	6	-152.401	420.019391304348	312.410695652174
2174	1	297.355	302.565	296.249	NA	NA	NA	NA	100	100	1	1	2	-146.678	399.606	296.481
2174	2	296.966	307.387	294.754	0.599	0.1255	0.1563	0.1333	37	63	0.819	0.953	4	-144.483	399.60429787234	294.28514893617
2174	3	293.594	309.225	290.276	0.932	0.4307	0.4588	0.0404	30	37	0.962	0.999	6	-140.797	396.811391304348	289.202695652174
2214	1	331.297	336.507	330.19	NA	NA	NA	NA	100	100	1	1	2	-163.648	433.546	330.421
2214	2	315.497	325.918	313.285	0.797	1e-04	2e-04	0	39	61	0.82	0.996	4	-153.749	418.13629787234	312.81714893617
2214	3	317.954	333.585	314.636	0.786	0.2184	0.2436	0.6667	17	44	0.791	0.968	6	-152.977	421.171391304348	313.562695652174
2231	1	296.735	301.946	295.629	NA	NA	NA	NA	100	100	1	1	2	-146.368	398.986	295.861
2231	2	296.651	307.071	294.438	0.566	0.1269	0.1579	0.2143	30	70	0.717	0.968	4	-144.325	399.28829787234	293.96914893617
2231	3	292.515	308.146	289.196	0.94	0.4588	0.487	0	30	38	0.967	0.998	6	-140.257	395.731391304348	288.122695652174
2242	1	330.471	335.682	329.365	NA	NA	NA	NA	100	100	1	1	2	-163.236	432.722	329.597
2242	2	326.32	336.74	324.107	0.693	0.0548	0.0722	0.0303	41	59	0.892	0.955	4	-159.16	428.95829787234	323.63914893617
2242	3	320.993	336.624	317.675	0.808	0.0065	0.0099	0.02	29	41	0.817	0.997	6	-154.497	424.211391304348	316.602695652174
2276	1	297.355	302.565	296.249	NA	NA	NA	NA	100	100	1	1	2	-146.678	399.606	296.481
2276	2	296.966	307.387	294.754	0.599	0.1255	0.1563	0.1333	37	63	0.819	0.953	4	-144.483	399.60429787234	294.28514893617
2276	3	293.594	309.225	290.276	0.932	0.4307	0.4588	0.0404	30	37	0.962	0.999	6	-140.797	396.811391304348	289.202695652174
2313	1	324.05	329.261	322.944	NA	NA	NA	NA	100	100	1	1	2	-160.025	426.3	323.175
2313	2	322.745	333.166	320.533	0.65	0.0338	0.0466	0.0779	23	77	0.78	0.955	4	-157.373	425.38429787234	320.06514893617
2313	3	316.803	332.434	313.484	0.803	0.0084	0.013	0	23	44	0.8	0.996	6	-152.401	420.019391304348	312.410695652174
2344	1	331.297	336.507	330.19	NA	NA	NA	NA	100	100	1	1	2	-163.648	433.546	330.421
2344	2	315.497	325.918	313.285	0.797	1e-04	2e-04	0	39	61	0.82	0.996	4	-153.749	418.13629787234	312.81714893617
2344	3	317.954	333.585	314.636	0.786	0.2184	0.2436	0.6667	17	44	0.791	0.968	6	-152.977	421.171391304348	313.562695652174
2357	1	294.32	299.53	293.213	NA	NA	NA	NA	100	100	1	1	2	-145.16	396.57	293.445
2357	2	298.008	308.429	295.796	0.263	0.8012	0.8181	1	31	69	0.569	0.887	4	-145.004	400.64629787234	295.32714893617
2357	3	294.487	310.118	291.169	0.907	0.4555	0.4895	0.0404	28	41	0.946	0.998	6	-141.244	397.705391304348	290.096695652174
2387	1	297.355	302.565	296.249	NA	NA	NA	NA	100	100	1	1	2	-146.678	399.606	296.481
2387	2	296.966	307.387	294.754	0.599	0.1255	0.1563	0.1333	37	63	0.819	0.953	4	-144.483	399.60429787234	294.28514893617
2387	3	293.594	309.225	290.276	0.932	0.4307	0.4588	0.0404	30	37	0.962	0.999	6	-140.797	396.811391304348	289.202695652174
2426	1	856.358	863.766	857.423	NA	NA	NA	NA	300	300	1	1	2	-426.179	1158.43908108108	855.39854054054
2426	2	848.824	863.639	850.953	0.56	0.0026	0.0043	0	96	204	0.733	0.966	4	-420.412	1151.02808163265	845.926040816326
2426	3	807.652	829.875	810.846	0.974	0.1239	0.1407	0	96	103	0.988	0.999	6	-397.826	1110.03556164384	802.843780821918
2446	1	809.822	817.229	810.886	NA	NA	NA	NA	300	300	1	1	2	-402.911	1111.90308108108	808.862540540541
2446	2	808.544	823.36	810.674	0.443	0.0706	0.0887	1	102	198	0.653	0.954	4	-400.272	1110.74808163265	805.646040816326
2446	3	726.262	748.485	729.456	0.994	0.1084	0.1241	0	83	115	0.998	1	6	-357.131	1028.64556164384	721.453780821918
2464	1	812.936	820.344	814.001	NA	NA	NA	NA	300	300	1	1	2	-404.468	1115.01708108108	811.976540540541
2464	2	812.835	827.65	814.964	0.539	0.0686	0.0834	1	68	232	0.716	0.904	4	-402.417	1115.03808163265	809.936040816326
2464	3	759.305	781.527	762.499	0.983	0.1174	0.1343	0	68	128	0.994	1	6	-373.652	1061.68756164384	754.495780821918
2478	1	783.932	791.34	784.997	NA	NA	NA	NA	300	300	1	1	2	-389.966	1086.01308108108	782.972540540541
2478	2	782.552	797.368	784.682	0.433	0.0662	0.0835	1	84	216	0.578	0.968	4	-387.276	1084.75608163265	779.654040816327
2478	3	654.549	676.772	657.743	0.999	0.1282	0.1449	0	84	120	1	1	6	-321.274	956.931561643836	649.739780821918
2489	1	815.231	822.639	816.296	NA	NA	NA	NA	300	300	1	1	2	-405.616	1117.31308108108	814.27254054054
2489	2	819.047	833.862	821.176	0.176	0.8362	0.847	1	88	212	0.502	0.855	4	-405.523	1121.25008163265	816.148040816327
2489	3	768.937	791.16	772.132	0.98	0.1188	0.1358	0	79	133	0.993	1	6	-378.469	1071.32156164384	764.129780821918
2503	1	856.358	863.766	857.423	NA	NA	NA	NA	300	300	1	1	2	-426.179	1158.43908108108	855.39854054054
2503	2	848.824	863.639	850.953	0.56	0.0026	0.0043	0	96	204	0.733	0.966	4	-420.412	1151.02808163265	845.926040816326
2503	3	807.652	829.875	810.846	0.974	0.1239	0.1407	0	96	103	0.988	0.999	6	-397.826	1110.03556164384	802.843780821918
2522	1	856.358	863.766	857.423	NA	NA	NA	NA	300	300	1	1	2	-426.179	1158.43908108108	855.39854054054
2522	2	848.824	863.639	850.953	0.56	0.0026	0.0043	0	96	204	0.733	0.966	4	-420.412	1151.02808163265	845.926040816326
2522	3	807.652	829.875	810.846	0.974	0.1239	0.1407	0	96	103	0.988	0.999	6	-397.826	1110.03556164384	802.843780821918
2535	1	823.755	831.163	824.82	NA	NA	NA	NA	300	300	1	1	2	-409.877	1125.83508108108	822.794540540541
2535	2	824.178	838.993	826.307	0.562	0.0811	0.0976	1	46	254	0.587	0.936	4	-408.089	1126.38208163265	821.280040816327
2535	3	805.072	827.295	808.266	0.932	0.171	0.1909	0	46	140	0.962	0.998	6	-396.536	1107.45556164384	800.263780821918
2543	1	805.759	813.167	806.824	NA	NA	NA	NA	300	300	1	1	2	-400.88	1107.84108108108	804.800540540541
2543	2	809.422	824.237	811.551	0.227	0.8154	0.8285	1	104	196	0.609	0.836	4	-400.711	1111.62608163265	806.524040816327
2543	3	758.602	780.825	761.797	0.981	0.1096	0.1255	0	64	132	0.993	1	6	-373.301	1060.98556164384	753.793780821918
2555	1	824.362	831.769	825.427	NA	NA	NA	NA	300	300	1	1	2	-410.181	1126.44308108108	823.40254054054
2555	2	823.08	837.895	825.209	0.445	0.0869	0.1053	1	56	244	0.466	0.98	4	-407.54	1125.28408163265	820.182040816327
2555	3	793.229	815.452	796.424	0.961	0.1356	0.1527	0	56	138	0.981	0.999	6	-390.615	1095.61356164384	788.421780821918
2571	1	962.236	969.644	963.301	NA	NA	NA	NA	300	300	1	1	2	-479.118	1264.31708108108	961.276540540541
2571	2	900.135	914.95	902.265	0.815	0	0	0	130	170	0.868	0.996	4	-446.068	1202.34008163265	897.238040816326
2571	3	898.018	920.241	901.212	0.847	0.1707	0.1894	0.051	50	130	0.864	0.984	6	-443.009	1200.40156164384	893.209780821918
2604	1	862.279	869.687	863.344	NA	NA	NA	NA	300	300	1	1	2	-429.14	1164.36108108108	861.32054054054
2604	2	863.94	878.755	866.069	0.378	0.2013	0.2276	1	72	228	0.576	0.923	4	-427.97	1166.14408163265	861.042040816327
2604	3	844.337	866.56	847.531	0.93	0.1719	0.1923	0	72	117	0.962	0.998	6	-416.169	1146.72156164384	839.529780821918
2620	1	962.236	969.644	963.301	NA	NA	NA	NA	300	300	1	1	2	-479.118	1264.31708108108	961.276540540541
2620	2	900.135	914.95	902.265	0.815	0	0	0	130	170	0.868	0.996	4	-446.068	1202.34008163265	897.238040816326
2620	3	898.018	920.241	901.212	0.847	0.1707	0.1894	0.051	50	130	0.864	0.984	6	-443.009	1200.40156164384	893.209780821918
2652	1	824.362	831.769	825.427	NA	NA	NA	NA	300	300	1	1	2	-410.181	1126.44308108108	823.40254054054
2652	2	823.08	837.895	825.209	0.445	0.0869	0.1053	1	56	244	0.466	0.98	4	-407.54	1125.28408163265	820.182040816327
2652	3	793.229	815.452	796.424	0.961	0.1356	0.1527	0	56	138	0.981	0.999	6	-390.615	1095.61356164384	788.421780821918
2665	1	962.236	969.644	963.301	NA	NA	NA	NA	300	300	1	1	2	-479.118	1264.31708108108	961.276540540541
2665	2	900.135	914.95	902.265	0.815	0	0	0	130	170	0.868	0.996	4	-446.068	1202.34008163265	897.238040816326
2665	3	898.018	920.241	901.212	0.847	0.1707	0.1894	0.051	50	130	0.864	0.984	6	-443.009	1200.40156164384	893.209780821918
2694	1	962.236	969.644	963.301	NA	NA	NA	NA	300	300	1	1	2	-479.118	1264.31708108108	961.276540540541
2694	2	900.135	914.95	902.265	0.815	0	0	0	130	170	0.868	0.996	4	-446.068	1202.34008163265	897.238040816326
2694	3	898.018	920.241	901.212	0.847	0.1707	0.1894	0.051	50	130	0.864	0.984	6	-443.009	1200.40156164384	893.209780821918
