20	1	126.432	129.81	123.552	NA	NA	NA	NA	40	40	1	1	2	-61.216	169.098666666667	125.765333333333
20	2	129.983	136.739	124.222	0.53	0.7855	0.8021	1	7	33	0.583	0.951	4	-60.992	173.748705882353	127.866352941176
20	3	131.253	141.386	122.611	0.825	0.2945	0.3291	0.2667	3	27	0.825	0.947	6	-59.627	176.754	128.004
38	1	122.246	125.623	119.365	NA	NA	NA	NA	40	40	1	1	2	-59.123	164.912666666667	121.579333333333
38	2	122.893	129.649	117.132	0.628	0.2026	0.2453	0.2273	17	23	0.848	0.915	4	-57.447	166.658705882353	120.776352941176
38	3	117.792	127.925	109.149	0.912	0.0271	0.0416	0.0303	10	20	0.92	0.996	6	-52.896	163.292	114.542
91	1	123.562	126.94	120.681	NA	NA	NA	NA	40	40	1	1	2	-59.781	166.228666666667	122.895333333333
91	2	126.339	133.094	120.577	0.538	0.5913	0.6344	0.5	14	26	0.788	0.905	4	-59.169	170.102705882353	124.220352941176
91	3	130.159	140.292	121.517	0.563	0.9509	0.9554	1	8	19	0.771	0.812	6	-59.08	175.66	126.91
103	1	156.977	160.354	154.096	NA	NA	NA	NA	40	40	1	1	2	-76.488	199.642666666667	156.309333333333
103	2	156.939	163.695	151.177	0.769	0.1569	0.1997	0.2	16	24	0.938	0.948	4	-74.469	200.702705882353	154.820352941176
103	3	156.941	167.075	148.299	0.841	0.2929	0.3349	0.1053	9	17	0.901	0.951	6	-72.471	202.442	153.692
127	1	158.327	161.705	155.446	NA	NA	NA	NA	40	40	1	1	2	-77.163	200.992666666667	157.659333333333
127	2	158.388	165.143	152.626	0.68	0.1545	0.1943	0.2	18	22	0.907	0.91	4	-75.194	202.152705882353	156.270352941176
127	3	159.977	170.11	151.334	0.773	0.4027	0.4506	0.4286	10	15	0.868	0.932	6	-73.988	205.476	156.726
141	1	171.196	174.574	168.315	NA	NA	NA	NA	40	40	1	1	2	-83.598	213.862666666667	170.529333333333
141	2	172.995	179.751	167.234	0.67	0.5618	0.6059	0.3077	17	23	0.86	0.94	4	-82.498	216.760705882353	170.878352941176
141	3	172.613	182.746	163.971	0.89	0.0817	0.1035	0.4286	3	21	0.901	0.968	6	-80.307	218.114	169.364
148	1	159.434	162.812	156.554	NA	NA	NA	NA	40	40	1	1	2	-77.717	202.100666666667	158.767333333333
148	2	157.742	164.497	151.98	0.838	0.2796	0.3245	0.1463	19	21	0.964	0.964	4	-74.871	201.506705882353	155.624352941176
148	3	159.134	169.268	150.492	0.896	0.3092	0.3355	0.2353	2	19	0.831	0.989	6	-73.567	204.634	155.884
174	1	160.688	164.066	157.808	NA	NA	NA	NA	40	40	1	1	2	-78.344	203.354666666667	160.021333333333
174	2	161.665	168.421	155.904	0.647	0.2324	0.279	0.2857	16	24	0.833	0.937	4	-76.833	205.430705882353	159.548352941176
174	3	164.523	174.657	155.881	0.702	0.7049	0.7352	0.5	9	16	0.823	0.921	6	-76.262	210.024	161.274
181	1	162.326	165.704	159.445	NA	NA	NA	NA	40	40	1	1	2	-79.163	204.992666666667	161.659333333333
181	2	166.012	172.768	160.251	0.419	0.8928	0.904	1	12	28	0.668	0.902	4	-79.006	209.776705882353	163.894352941176
181	3	169.063	179.197	160.421	0.744	0.2495	0.27	1	1	28	0.733	0.943	6	-78.532	214.564	165.814
191	1	156.104	159.482	153.224	NA	NA	NA	NA	40	40	1	1	2	-76.052	198.770666666667	155.437333333333
191	2	158.282	165.037	152.52	0.609	0.6742	0.7018	0.5	14	26	0.836	0.917	4	-75.141	202.046705882353	156.164352941176
191	3	158.335	168.468	149.693	0.823	0.0275	0.0368	0.2857	1	21	0.894	0.982	6	-73.167	203.834	155.084
203	1	176.554	179.932	173.673	NA	NA	NA	NA	40	40	1	1	2	-86.277	219.220666666667	175.887333333333
203	2	172.656	179.411	166.894	0.864	0.1057	0.1375	0.02	19	21	0.953	0.977	4	-82.328	216.420705882353	170.538352941176
203	3	174.421	184.554	165.779	0.907	0.192	0.2231	0.3333	2	20	0.893	0.97	6	-81.21	219.92	171.17
239	1	177.931	181.309	175.05	NA	NA	NA	NA	40	40	1	1	2	-86.965	220.596666666667	177.263333333333
239	2	159.424	166.18	153.663	0.988	0	1e-04	0	19	21	0.998	0.999	4	-75.712	203.188705882353	157.306352941176
239	3	162.766	172.899	154.123	0.799	0.7687	0.7862	1	10	19	0.821	1	6	-75.383	208.266	159.516
247	1	167.567	170.945	164.686	NA	NA	NA	NA	40	40	1	1	2	-81.784	210.234666666667	166.901333333333
247	2	144.535	151.291	138.773	0.975	1e-04	3e-04	0	19	21	0.989	1	4	-68.268	188.300705882353	142.418352941176
247	3	146.784	156.917	138.141	0.801	0.5762	0.6057	1	7	19	0.681	0.998	6	-67.392	192.284	143.534
260	1	175.152	178.529	172.271	NA	NA	NA	NA	40	40	1	1	2	-85.576	217.818666666667	174.485333333333
260	2	166.347	173.102	160.585	0.91	0.0022	0.0048	0	20	20	0.973	0.983	4	-79.173	210.110705882353	164.228352941176
260	3	170.259	180.392	161.617	0.677	0.8792	0.8854	1	7	20	0.5	0.99	6	-79.129	215.758	167.008
276	1	180.161	183.539	177.28	NA	NA	NA	NA	40	40	1	1	2	-88.081	222.828666666667	179.495333333333
276	2	174.615	181.371	168.854	0.883	0.0177	0.0295	0	19	21	0.967	0.975	4	-83.308	218.380705882353	172.498352941176
276	3	176.672	186.805	168.029	0.842	0.466	0.4989	0.6667	6	20	0.793	0.987	6	-82.336	222.172	173.422
295	1	185.224	188.601	182.343	NA	NA	NA	NA	40	40	1	1	2	-90.612	227.890666666667	184.557333333333
295	2	170.117	176.872	164.355	0.953	0.0047	0.0086	0	19	21	0.99	0.991	4	-81.058	213.880705882353	167.998352941176
295	3	171.537	181.67	162.895	0.876	0.2775	0.3168	0.1935	3	19	0.629	0.999	6	-79.768	217.036	168.286
316	1	323.599	328.81	322.493	NA	NA	NA	NA	100	100	1	1	2	-159.8	425.85	322.725
316	2	325.492	335.912	323.279	0.519	0.3068	0.345	0.6667	25	75	0.682	0.933	4	-158.746	428.13029787234	322.81114893617
316	3	328.083	343.714	324.765	0.618	0.6051	0.6389	0.6667	21	55	0.731	0.85	6	-158.042	431.301391304348	323.692695652174
336	1	310.306	315.516	309.2	NA	NA	NA	NA	100	100	1	1	2	-153.153	412.556	309.431
336	2	312.891	323.312	310.679	0.424	0.7149	0.7376	0.6667	48	52	0.798	0.838	4	-152.445	415.52829787234	310.20914893617
336	3	308.522	324.153	305.204	0.813	0.0259	0.0347	0	8	49	0.777	0.949	6	-148.261	411.739391304348	304.130695652174
352	1	311.913	317.124	310.807	NA	NA	NA	NA	100	100	1	1	2	-153.957	414.164	311.039
352	2	315.109	325.53	312.897	0.431	0.5555	0.5843	1	19	81	0.531	0.924	4	-153.555	417.74829787234	312.42914893617
352	3	315.891	331.522	312.572	0.734	0.5541	0.593	0.3333	18	59	0.809	0.92	6	-151.945	419.107391304348	311.498695652174
370	1	314.985	320.196	313.879	NA	NA	NA	NA	100	100	1	1	2	-155.493	417.236	314.111
370	2	317.798	328.219	315.586	0.379	0.4743	0.5094	0.6667	40	60	0.73	0.835	4	-154.899	420.43629787234	315.11714893617
370	3	316.115	331.746	312.796	0.748	0.0786	0.1022	0.1034	20	54	0.86	0.896	6	-152.057	419.331391304348	311.722695652174
398	1	312.073	317.284	310.967	NA	NA	NA	NA	100	100	1	1	2	-154.037	414.324	311.199
398	2	303.275	313.696	301.063	0.746	0.0018	0.0033	0	26	74	0.825	0.968	4	-147.638	405.91429787234	300.59514893617
398	3	303.44	319.071	300.121	0.738	0.1763	0.2143	0.6667	21	46	0.813	0.93	6	-145.72	406.657391304348	299.048695652174
412	1	404.874	410.084	403.768	NA	NA	NA	NA	100	100	1	1	2	-200.437	507.124	403.999
412	2	391.039	401.46	388.827	0.823	1e-04	3e-04	0	50	50	0.95	0.954	4	-191.52	493.67829787234	388.35914893617
412	3	394.976	410.607	391.657	0.607	0.9171	0.9211	0.6667	23	50	0.611	0.966	6	-191.488	498.193391304348	390.584695652174
419	1	388.489	393.7	387.383	NA	NA	NA	NA	100	100	1	1	2	-192.245	490.74	387.615
419	2	385.649	396.069	383.436	0.671	0.0937	0.1182	0.0404	47	53	0.893	0.923	4	-188.824	488.28629787234	382.96714893617
419	3	386.536	402.167	383.217	0.731	0.2337	0.2663	0.2143	10	49	0.639	0.913	6	-187.268	489.753391304348	382.144695652174
454	1	392.751	397.961	391.645	NA	NA	NA	NA	100	100	1	1	2	-194.376	495.002	391.877
454	2	382.637	393.058	380.425	0.768	0.0015	0.0028	0	48	52	0.93	0.94	4	-187.319	485.27629787234	379.95714893617
454	3	383.779	399.41	380.46	0.731	0.2326	0.2704	0.3077	25	40	0.843	0.935	6	-185.889	486.995391304348	379.386695652174
467	1	390.804	396.014	389.698	NA	NA	NA	NA	100	100	1	1	2	-193.402	493.054	389.929
467	2	385.91	396.331	383.698	0.693	0.0254	0.0367	0.0303	46	54	0.894	0.921	4	-188.955	488.54829787234	383.22914893617
467	3	388.666	404.297	385.348	0.64	0.7052	0.7249	0.6667	16	44	0.632	0.916	6	-188.333	491.883391304348	384.274695652174
494	1	394.005	399.215	392.899	NA	NA	NA	NA	100	100	1	1	2	-195.002	496.254	393.129
494	2	365.362	375.783	363.15	0.89	0	0	0	40	60	0.959	0.972	4	-178.681	468.00029787234	362.68114893617
494	3	366.762	382.393	363.443	0.808	0.2688	0.3011	0.3636	17	57	0.747	0.987	6	-177.381	469.979391304348	362.370695652174
508	1	441.163	446.373	440.057	NA	NA	NA	NA	100	100	1	1	2	-218.581	543.412	440.287
508	2	422.11	432.531	419.898	0.861	0	0	0	49	51	0.967	0.968	4	-207.055	524.74829787234	419.42914893617
508	3	425.905	441.536	422.587	0.655	0.8255	0.8371	1	21	51	0.578	0.98	6	-206.953	529.123391304348	421.514695652174
522	1	452.082	457.292	450.976	NA	NA	NA	NA	100	100	1	1	2	-224.041	554.332	451.207
522	2	423.184	433.605	420.972	0.922	0	0	0	48	52	0.975	0.99	4	-207.592	525.82229787234	420.50314893617
522	3	421.814	437.445	418.496	0.869	0.0942	0.1149	0.1111	11	52	0.76	0.995	6	-204.907	525.031391304348	417.422695652174
557	1	447.739	452.949	446.633	NA	NA	NA	NA	100	100	1	1	2	-221.869	549.988	446.863
557	2	400.901	411.321	398.688	0.947	0	0	0	48	52	0.981	0.99	4	-196.45	503.53829787234	398.21914893617
557	3	400.027	415.658	396.708	0.849	0.1392	0.1682	0.1395	15	46	0.754	0.996	6	-194.013	503.243391304348	395.634695652174
570	1	444.066	449.277	442.96	NA	NA	NA	NA	100	100	1	1	2	-220.033	546.316	443.191
570	2	418.749	429.17	416.537	0.917	0	0	0	50	50	0.983	0.983	4	-205.375	521.38829787234	416.06914893617
570	3	422.631	438.262	419.313	0.7	0.857	0.8639	1	10	50	0.382	0.988	6	-205.316	525.849391304348	418.240695652174
586	1	449.566	454.777	448.46	NA	NA	NA	NA	100	100	1	1	2	-222.783	551.816	448.691
586	2	414.791	425.211	412.578	0.931	0	1e-04	0	49	51	0.967	0.993	4	-203.395	517.42829787234	412.10914893617
586	3	414.788	430.419	411.469	0.814	0.3714	0.4031	0.1579	11	48	0.638	0.978	6	-201.394	518.005391304348	410.396695652174
621	1	943.619	951.026	944.684	NA	NA	NA	NA	300	300	1	1	2	-469.809	1245.69908108108	942.658540540541
621	2	947.218	962.033	949.348	0.271	0.9133	0.9218	1	141	159	0.736	0.773	4	-469.609	1249.42208163265	944.320040816326
621	3	948.952	971.175	952.146	0.645	0.3287	0.3464	0.5	7	180	0.493	0.882	6	-468.476	1251.33556164384	944.143780821918
637	1	967.378	974.786	968.443	NA	NA	NA	NA	300	300	1	1	2	-481.689	1269.45908108108	966.418540540541
637	2	968.699	983.514	970.829	0.677	0.1033	0.1206	1	14	286	0.315	0.984	4	-480.35	1270.90408163265	965.802040816327
637	3	968.541	990.764	971.735	0.649	0.2968	0.3316	1	26	208	0.682	0.918	6	-478.271	1270.92556164384	963.733780821918
654	1	919.969	927.377	921.034	NA	NA	NA	NA	300	300	1	1	2	-457.984	1222.04908108108	919.00854054054
654	2	922.744	937.559	924.874	0.3	0.5266	0.5577	1	129	171	0.712	0.802	4	-457.372	1224.94808163265	919.846040816327
654	3	924.278	946.501	927.473	0.592	0.4751	0.5098	1	47	173	0.705	0.851	6	-456.139	1226.66156164384	919.469780821918
669	1	887.174	894.581	888.239	NA	NA	NA	NA	300	300	1	1	2	-441.587	1189.25508108108	886.21454054054
669	2	889.675	904.49	891.805	0.344	0.4984	0.5302	1	122	178	0.726	0.836	4	-440.838	1191.88008163265	886.778040816327
669	3	890.903	913.126	894.097	0.605	0.2695	0.2982	0.25	28	183	0.592	0.871	6	-439.452	1193.28756164384	886.095780821918
690	1	911.571	918.978	912.635	NA	NA	NA	NA	300	300	1	1	2	-453.785	1213.65108108108	910.610540540541
690	2	915.1	929.915	917.23	0.578	0.6152	0.6351	1	6	294	0.11	0.992	4	-453.55	1217.30408163265	912.202040816327
690	3	918.459	940.682	921.653	0.541	0.8874	0.8966	1	23	216	0.53	0.894	6	-453.229	1220.84156164384	913.649780821918
705	1	1151.497	1158.905	1152.562	NA	NA	NA	NA	300	300	1	1	2	-573.748	1453.57708108108	1150.53654054054
705	2	1132.568	1147.383	1134.697	0.679	0	0	0	145	155	0.902	0.917	4	-562.284	1434.77208163265	1129.67004081633
705	3	1136.207	1158.43	1139.401	0.537	0.8568	0.8673	1	55	132	0.425	0.918	6	-562.104	1438.59156164384	1131.39978082192
720	1	1186.6	1194.008	1187.665	NA	NA	NA	NA	300	300	1	1	2	-591.3	1488.68108108108	1185.64054054054
720	2	1168.717	1183.532	1170.847	0.653	0	0	0	147	153	0.899	0.899	4	-580.359	1470.92208163265	1165.82004081633
720	3	1169.397	1191.62	1172.591	0.627	0.222	0.2536	1	96	104	0.747	0.863	6	-578.699	1471.78156164384	1164.58978082192
738	1	1143.37	1150.777	1144.435	NA	NA	NA	NA	300	300	1	1	2	-569.685	1445.45108108108	1142.41054054054
738	2	1134.656	1149.471	1136.786	0.586	0.0019	0.0033	0	138	162	0.865	0.883	4	-563.328	1436.86008163265	1131.75804081633
738	3	1138.384	1160.606	1141.578	0.479	0.8665	0.8761	1	80	135	0.549	0.866	6	-563.192	1440.76756164384	1133.57578082192
758	1	1192.746	1200.153	1193.81	NA	NA	NA	NA	300	300	1	1	2	-594.373	1494.82708108108	1191.78654054054
758	2	1165.97	1180.785	1168.1	0.742	0	0	0	148	152	0.927	0.934	4	-578.985	1468.17408163265	1163.07204081633
758	3	1167.696	1189.919	1170.89	0.805	0.1316	0.1503	1	4	150	0.36	0.941	6	-577.848	1470.07956164384	1162.88778082192
778	1	1163.214	1170.622	1164.279	NA	NA	NA	NA	300	300	1	1	2	-579.607	1465.29508108108	1162.25454054054
778	2	1143.521	1158.336	1145.65	0.683	0	0	0	150	150	0.908	0.909	4	-567.76	1445.72408163265	1140.62204081633
778	3	1146.79	1169.012	1149.984	0.558	0.6857	0.7071	1	74	132	0.656	0.907	6	-567.395	1449.17356164384	1141.98178082192
796	1	1151.441	1158.849	1152.506	NA	NA	NA	NA	300	300	1	1	2	-573.721	1453.52308108108	1150.48254054054
796	2	1132.986	1147.801	1135.116	0.682	0	1e-04	0	141	159	0.904	0.917	4	-562.493	1435.19008163265	1130.08804081633
796	3	1136.577	1158.799	1139.771	0.589	0.6613	0.6792	1	22	151	0.342	0.92	6	-562.288	1438.95956164384	1131.76778082192
813	1	1326.035	1333.443	1327.1	NA	NA	NA	NA	300	300	1	1	2	-661.018	1628.11708108108	1325.07654054054
813	2	1230.188	1245.004	1232.318	0.916	0	0	0	146	154	0.978	0.98	4	-611.094	1532.39208163265	1227.29004081633
813	3	1232.62	1254.843	1235.815	0.939	0.1904	0.2086	1	1	154	0.504	0.982	6	-610.31	1535.00356164384	1227.81178082192
831	1	1332.703	1340.111	1333.768	NA	NA	NA	NA	300	300	1	1	2	-664.352	1634.78508108108	1331.74454054054
831	2	1253.706	1268.521	1255.836	0.883	0	0	0	147	153	0.97	0.971	4	-622.853	1555.91008163265	1250.80804081633
831	3	1248.343	1270.565	1251.537	0.773	0.0052	0.0079	0	54	145	0.747	0.973	6	-618.171	1550.72556164384	1243.53378082192
851	1	1325.544	1332.951	1326.609	NA	NA	NA	NA	300	300	1	1	2	-660.772	1627.62508108108	1324.58454054054
851	2	1215.869	1230.684	1217.998	0.92	0	0	0	148	152	0.973	0.984	4	-603.934	1518.07208163265	1212.97004081633
851	3	1216.643	1238.866	1219.837	0.896	0.0933	0.11	0.2353	5	148	0.388	0.981	6	-602.322	1519.02756164384	1211.83578082192
888	1	1340.473	1347.881	1341.538	NA	NA	NA	NA	300	300	1	1	2	-668.237	1642.55508108108	1339.51454054054
888	2	1242.28	1257.095	1244.409	0.908	0	0	0	144	156	0.97	0.981	4	-617.14	1544.48408163265	1239.38204081633
888	3	1245.827	1268.05	1249.021	0.786	0.7454	0.7629	1	11	146	0.206	0.98	6	-616.914	1548.21156164384	1241.01978082192
905	1	113.541	116.918	110.66	NA	NA	NA	NA	40	40	1	1	2	-54.77	156.206666666667	112.873333333333
905	2	113.209	119.965	107.448	0.775	0.1455	0.1827	0.2	11	29	0.853	0.971	4	-52.605	156.974705882353	111.092352941176
905	3	113.148	123.281	104.505	0.852	0.1439	0.1804	0.1935	5	25	0.779	0.99	6	-50.574	158.648	109.898
935	1	130.106	133.483	127.225	NA	NA	NA	NA	40	40	1	1	2	-63.053	172.772666666667	129.439333333333
935	2	127.926	134.681	122.164	0.792	0.1373	0.1735	0.0674	19	21	0.934	0.955	4	-59.963	171.690705882353	125.808352941176
935	3	127.741	137.874	119.099	0.85	0.1121	0.1403	0.1034	5	19	0.888	0.973	6	-57.87	173.24	124.49
980	1	103.906	107.283	101.025	NA	NA	NA	NA	40	40	1	1	2	-49.953	146.572666666667	103.239333333333
980	2	103.749	110.505	97.988	0.72	0.1281	0.1657	0.2	16	24	0.906	0.931	4	-47.875	147.514705882353	101.632352941176
980	3	107.192	117.325	98.55	0.63	0.7866	0.8071	0.5	10	17	0.733	0.904	6	-47.596	152.692	103.942
1001	1	146.988	150.366	144.107	NA	NA	NA	NA	40	40	1	1	2	-71.494	189.654666666667	146.321333333333
1001	2	135.182	141.938	129.421	0.935	0.1067	0.1325	0	18	22	0.981	0.986	4	-63.591	178.946705882353	133.064352941176
1001	3	133.945	144.078	125.302	0.911	0.5463	0.5708	0.0857	3	19	0.796	0.997	6	-60.972	179.444	130.694
1041	1	153.681	157.058	150.8	NA	NA	NA	NA	40	40	1	1	2	-74.84	196.346666666667	153.013333333333
1041	2	134.613	141.368	128.851	0.981	0.0249	0.036	0	19	21	0.997	0.997	4	-63.306	178.376705882353	132.494352941176
1041	3	133.845	143.979	125.203	0.974	0.0276	0.0383	0.0667	1	20	0.785	0.999	6	-60.923	179.346	130.596
1081	1	155.6	158.977	152.719	NA	NA	NA	NA	40	40	1	1	2	-75.8	198.266666666667	154.933333333333
1081	2	134.068	140.823	128.306	0.964	1e-04	3e-04	0	19	21	0.987	0.995	4	-63.034	177.832705882353	131.950352941176
1081	3	136.37	146.503	127.728	0.829	0.567	0.5993	0.5	7	18	0.776	0.99	6	-62.185	181.87	133.12
1100	1	154.612	157.99	151.731	NA	NA	NA	NA	40	40	1	1	2	-75.306	197.278666666667	153.945333333333
1100	2	147.983	154.739	142.222	0.919	0.0894	0.1143	0	17	23	0.965	0.996	4	-69.992	191.748705882353	145.866352941176
1100	3	142.943	153.076	134.301	0.939	0.0126	0.0205	0	5	18	0.906	0.998	6	-65.471	188.442	139.692
1124	1	177.226	180.604	174.346	NA	NA	NA	NA	40	40	1	1	2	-86.613	219.892666666667	176.559333333333
1124	2	136.723	143.478	130.961	1	0	0	0	20	20	1	1	4	-64.361	180.486705882353	134.604352941176
1124	3	139.515	149.648	130.873	0.979	0.3009	0.3341	0.3333	1	20	0.885	1	6	-63.758	185.016	136.266
1146	1	175.923	179.301	173.042	NA	NA	NA	NA	40	40	1	1	2	-85.961	218.588666666667	175.255333333333
1146	2	140.309	147.064	134.547	1	0.0142	0.0216	0	20	20	1	1	4	-66.154	184.072705882353	138.190352941176
1146	3	135.524	145.657	126.882	0.967	0.0595	0.0771	0	2	20	0.79	1	6	-61.762	181.024	132.274
1161	1	168.313	171.691	165.432	NA	NA	NA	NA	40	40	1	1	2	-82.156	210.978666666667	167.645333333333
1161	2	147.97	154.725	142.208	0.981	1e-04	3e-04	0	20	20	0.994	1	4	-69.985	191.734705882353	145.852352941176
1161	3	149.71	159.843	141.068	0.847	0.2318	0.2695	0.3333	8	20	0.806	1	6	-68.855	195.21	146.46
1168	1	176.962	180.34	174.081	NA	NA	NA	NA	40	40	1	1	2	-86.481	219.628666666667	176.295333333333
1168	2	158.264	165.02	152.503	0.95	0.0023	0.0045	0	20	20	0.964	0.999	4	-75.132	202.028705882353	156.146352941176
1168	3	160.397	170.53	151.754	0.919	0.3671	0.3999	1	2	19	0.798	0.983	6	-74.198	205.896	157.146
1182	1	180.321	183.699	177.441	NA	NA	NA	NA	40	40	1	1	2	-88.161	222.988666666667	179.655333333333
1182	2	131.286	138.042	125.525	1	0	0	0	20	20	1	1	4	-61.643	175.050705882353	129.168352941176
1182	3	134.793	144.926	126.151	0.931	0.5568	0.5813	1	1	20	0.444	1	6	-61.396	180.292	131.542
1199	1	179.231	182.608	176.35	NA	NA	NA	NA	40	40	1	1	2	-87.615	221.896666666667	178.563333333333
1199	2	132.978	139.734	127.217	1	0	0	0	20	20	1	1	4	-62.489	176.742705882353	130.860352941176
1199	3	136.629	146.762	127.987	0.89	0.6328	0.6527	1	1	20	0.319	1	6	-62.315	182.13	133.38
1215	1	262.456	267.667	261.35	NA	NA	NA	NA	100	100	1	1	2	-129.228	364.706	261.581
1215	2	265.836	276.256	263.623	0.742	0.5421	0.5646	1	3	97	0.275	0.989	4	-128.918	368.47429787234	263.15514893617
1215	3	269.292	284.923	265.974	0.771	0.4773	0.4962	0.6667	1	93	0.381	0.98	6	-128.646	372.509391304348	264.900695652174
1219	1	265.536	270.746	264.43	NA	NA	NA	NA	100	100	1	1	2	-130.768	367.786	264.661
1219	2	266.663	277.084	264.451	0.555	0.2645	0.3054	0.2667	35	65	0.802	0.911	4	-129.331	369.30029787234	263.98114893617
1219	3	269.793	285.424	266.474	0.643	0.5771	0.6037	1	9	58	0.55	0.887	6	-128.896	373.009391304348	265.400695652174
1235	1	268.916	274.126	267.81	NA	NA	NA	NA	100	100	1	1	2	-132.458	371.166	268.041
1235	2	270.439	280.86	268.227	0.489	0.2834	0.3209	0.6667	40	60	0.79	0.884	4	-131.22	373.07829787234	267.75914893617
1235	3	272.957	288.588	269.638	0.608	0.5725	0.6015	0.6667	15	53	0.695	0.857	6	-130.478	376.173391304348	268.564695652174
1243	1	268.065	273.275	266.959	NA	NA	NA	NA	100	100	1	1	2	-132.033	370.316	267.191
1243	2	267.344	277.764	265.131	0.634	0.3663	0.401	0.0938	47	53	0.885	0.897	4	-129.672	369.98229787234	264.66314893617
1243	3	265.773	281.404	262.454	0.82	0.0115	0.0167	0.0833	2	54	0.848	0.924	6	-126.886	368.989391304348	261.380695652174
1288	1	236.433	241.643	235.327	NA	NA	NA	NA	100	100	1	1	2	-116.216	338.682	235.557
1288	2	239.312	249.733	237.1	0.418	0.5004	0.5357	0.6667	26	74	0.61	0.913	4	-115.656	341.95029787234	236.63114893617
1288	3	239.551	255.182	236.232	0.728	0.3128	0.3549	0.2667	17	56	0.836	0.903	6	-113.775	342.767391304348	235.158695652174
1305	1	375.672	380.882	374.566	NA	NA	NA	NA	100	100	1	1	2	-185.836	477.922	374.797
1305	2	352.14	362.561	349.928	0.868	0	1e-04	0	49	51	0.96	0.965	4	-172.07	454.77829787234	349.45914893617
1305	3	353.846	369.477	350.528	0.743	0.3857	0.4204	0.6667	16	46	0.668	0.969	6	-170.923	457.063391304348	349.454695652174
1316	1	361.134	366.344	360.028	NA	NA	NA	NA	100	100	1	1	2	-178.567	463.384	360.259
1316	2	341.045	351.466	338.833	0.884	1e-04	2e-04	0	46	54	0.953	0.987	4	-166.523	443.68429787234	338.36514893617
1316	3	343.83	359.461	340.511	0.906	0.2269	0.2524	0.5	1	53	0.464	0.985	6	-165.915	447.047391304348	339.438695652174
1334	1	383.753	388.963	382.647	NA	NA	NA	NA	100	100	1	1	2	-189.876	486.002	382.877
1334	2	355.331	365.751	353.118	0.89	0	0	0	49	51	0.963	0.979	4	-173.665	457.96829787234	352.64914893617
1334	3	357.319	372.95	354	0.782	0.5254	0.5606	0.3333	17	44	0.699	0.94	6	-172.659	460.535391304348	352.926695652174
1348	1	355.928	361.138	354.822	NA	NA	NA	NA	100	100	1	1	2	-175.964	458.178	355.053
1348	2	320.759	331.18	318.547	0.92	0	1e-04	0	48	52	0.98	0.98	4	-156.38	423.39829787234	318.07914893617
1348	3	321.716	337.347	318.398	0.931	0.0844	0.1012	0.2	2	50	0.704	0.988	6	-154.858	424.933391304348	317.324695652174
1362	1	368.257	373.468	367.151	NA	NA	NA	NA	100	100	1	1	2	-182.129	470.508	367.383
1362	2	334.292	344.713	332.08	0.904	0	0	0	47	53	0.949	0.99	4	-163.146	436.93029787234	331.61114893617
1362	3	336.204	351.835	332.885	0.817	0.3355	0.3748	0.4286	11	45	0.632	0.965	6	-162.102	439.421391304348	331.812695652174
1376	1	363.221	368.431	362.115	NA	NA	NA	NA	100	100	1	1	2	-179.61	465.47	362.345
1376	2	321.666	332.087	319.454	0.937	0	0	0	49	51	0.971	0.996	4	-156.833	424.30429787234	318.98514893617
1376	3	324.848	340.479	321.529	0.845	0.6102	0.6335	0.6667	6	51	0.475	0.99	6	-156.424	428.065391304348	320.456695652174
1391	1	372.608	377.818	371.501	NA	NA	NA	NA	100	100	1	1	2	-184.304	474.858	371.733
1391	2	336.661	347.082	334.449	0.934	0	0	0	49	51	0.984	0.985	4	-164.331	439.30029787234	333.98114893617
1391	3	339.374	355.005	336.056	0.756	0.4126	0.4496	0.6667	17	48	0.644	0.991	6	-163.687	442.591391304348	334.982695652174
1408	1	432.358	437.569	431.252	NA	NA	NA	NA	100	100	1	1	2	-214.179	534.608	431.483
1408	2	337.69	348.11	335.477	0.984	0	0	0	50	50	0.991	1	4	-164.845	440.32829787234	335.00914893617
1408	3	337.067	352.698	333.749	0.948	0.1461	0.1703	0.1579	3	50	0.57	1	6	-162.534	440.285391304348	332.676695652174
1441	1	433.405	438.616	432.299	NA	NA	NA	NA	100	100	1	1	2	-214.703	535.656	432.531
1441	2	371.758	382.178	369.545	0.973	1e-04	2e-04	0	48	52	0.991	0.992	4	-181.879	474.39629787234	369.07714893617
1441	3	364.579	380.21	361.261	0.947	0.0137	0.0196	0	6	47	0.888	0.988	6	-176.29	467.797391304348	360.188695652174
1461	1	436.097	441.307	434.991	NA	NA	NA	NA	100	100	1	1	2	-216.048	538.346	435.221
1461	2	361.49	371.911	359.278	0.998	0	0	0	50	50	1	1	4	-176.745	464.12829787234	358.80914893617
1461	3	359.412	375.043	356.094	0.972	0.2155	0.24	0	2	50	0.675	1	6	-173.706	462.629391304348	355.020695652174
1480	1	437.424	442.634	436.317	NA	NA	NA	NA	100	100	1	1	2	-216.712	539.674	436.549
1480	2	330.824	341.245	328.612	0.999	0	0	0	50	50	1	1	4	-161.412	433.46229787234	328.14314893617
1480	3	334.237	349.868	330.918	0.824	0.6301	0.6515	1	3	50	0.215	1	6	-161.118	437.453391304348	329.844695652174
1495	1	439.913	445.123	438.807	NA	NA	NA	NA	100	100	1	1	2	-217.956	542.162	439.037
1495	2	334.871	345.292	332.659	1	0	0	0	48	52	1	1	4	-163.436	437.51029787234	332.19114893617
1495	3	335.287	350.918	331.968	0.929	0.1036	0.1273	0.2857	3	49	0.507	1	6	-161.643	438.503391304348	330.894695652174
1513	1	760.943	768.35	762.008	NA	NA	NA	NA	300	300	1	1	2	-378.471	1063.02308108108	759.982540540541
1513	2	763.872	778.688	766.002	0.329	0.6955	0.7168	1	124	176	0.717	0.83	4	-377.936	1066.07608163265	760.974040816326
1513	3	759.541	781.763	762.735	0.716	0.0107	0.0153	0.0202	20	186	0.68	0.92	6	-373.77	1061.92356164384	754.731780821918
1546	1	792.86	800.267	793.925	NA	NA	NA	NA	300	300	1	1	2	-394.43	1094.94108108108	791.900540540541
1546	2	781.871	796.686	784	0.789	0.007	0.0098	0	20	280	0.557	0.985	4	-386.935	1084.07408163265	778.972040816327
1546	3	780.731	802.954	783.926	0.668	0.0711	0.0868	1	11	180	0.731	0.889	6	-384.366	1083.11556164384	775.923780821918
1560	1	776.797	784.205	777.862	NA	NA	NA	NA	300	300	1	1	2	-386.399	1078.87908108108	775.838540540541
1560	2	775.263	790.078	777.392	0.536	0.203	0.226	0.0923	51	249	0.573	0.947	4	-383.631	1077.46608163265	772.364040816326
1560	3	776.235	798.458	779.43	0.677	0.0228	0.0283	0.2083	1	219	0.677	0.915	6	-382.118	1078.61956164384	771.427780821918
1586	1	728.591	735.999	729.656	NA	NA	NA	NA	300	300	1	1	2	-362.295	1030.67108108108	727.630540540541
1586	2	726.339	741.154	728.469	0.933	0.014	0.0188	0.0128	3	297	0.401	0.999	4	-359.17	1028.54408163265	723.442040816327
1586	3	729.265	751.487	732.459	0.569	0.5117	0.539	1	3	203	0.63	0.871	6	-358.632	1031.64756164384	724.455780821918
1612	1	1111.469	1118.877	1112.534	NA	NA	NA	NA	300	300	1	1	2	-553.735	1413.55108108108	1110.51054054054
1612	2	1016.36	1031.175	1018.489	0.912	0	0	0	145	155	0.972	0.984	4	-504.18	1318.56408163265	1013.46204081633
1612	3	1010.724	1032.946	1013.918	0.791	0.0355	0.0452	0	40	144	0.674	0.987	6	-499.362	1313.10756164384	1005.91578082192
1633	1	1112.328	1119.736	1113.393	NA	NA	NA	NA	300	300	1	1	2	-554.164	1414.40908108108	1111.36854054054
1633	2	1016.986	1031.801	1019.116	0.902	0	0	0	141	159	0.968	0.982	4	-504.493	1319.19008163265	1014.08804081633
1633	3	1011.032	1033.255	1014.226	0.767	0.0046	0.0071	0	69	137	0.735	0.987	6	-499.516	1313.41556164384	1006.22378082192
1653	1	1141.99	1149.397	1143.054	NA	NA	NA	NA	300	300	1	1	2	-568.995	1444.07108108108	1141.03054054054
1653	2	1025.954	1040.769	1028.083	0.926	0	0	0	147	153	0.979	0.981	4	-508.977	1328.15808163265	1023.05604081633
1653	3	1025.705	1047.928	1028.899	0.729	0.2164	0.2433	0.125	64	141	0.698	0.976	6	-506.853	1328.08956164384	1020.89778082192
1677	1	1093.569	1100.977	1094.634	NA	NA	NA	NA	300	300	1	1	2	-544.785	1395.65108108108	1092.61054054054
1677	2	974.638	989.453	976.767	0.932	0	0	0	143	157	0.981	0.985	4	-483.319	1276.84208163265	971.740040816327
1677	3	977.096	999.319	980.29	0.719	0.4491	0.4777	1	35	143	0.465	0.988	6	-482.548	1279.47956164384	972.287780821918
1696	1	1121.435	1128.843	1122.5	NA	NA	NA	NA	300	300	1	1	2	-558.718	1423.51708108108	1120.47654054054
1696	2	1073.559	1088.374	1075.688	0.838	1e-04	2e-04	0	149	151	0.958	0.96	4	-532.779	1375.76208163265	1070.66004081633
1696	3	1065.671	1087.894	1068.866	0.901	0.0016	0.0026	0	3	149	0.569	0.974	6	-526.836	1368.05556164384	1060.86378082192
1705	1	1294.005	1301.413	1295.07	NA	NA	NA	NA	300	300	1	1	2	-645.003	1596.08708108108	1293.04654054054
1705	2	1094.225	1109.04	1096.354	0.973	0	0	0	147	153	0.989	0.995	4	-543.112	1396.42808163265	1091.32604081633
1705	3	1091.71	1113.933	1094.904	0.975	0.0136	0.0178	0.0306	2	151	0.738	0.996	6	-539.855	1394.09356164384	1086.90178082192
1725	1	1296.766	1304.174	1297.831	NA	NA	NA	NA	300	300	1	1	2	-646.383	1598.84708108108	1295.80654054054
1725	2	1049.303	1064.118	1051.433	0.998	0	0	0	149	151	1	1	4	-520.652	1351.50808163265	1046.40604081633
1725	3	1049.855	1072.077	1053.049	0.941	0.0621	0.0742	0.1333	6	149	0.468	1	6	-518.927	1352.23756164384	1045.04578082192
1743	1	1283.646	1291.053	1284.71	NA	NA	NA	NA	300	300	1	1	2	-639.823	1585.72708108108	1282.68654054054
1743	2	1025.01	1039.825	1027.14	0.986	0	0	0	147	153	0.993	0.998	4	-508.505	1327.21408163265	1022.11204081633
1743	3	1027.219	1049.442	1030.413	0.958	0.2233	0.2484	0.6	4	150	0.47	0.996	6	-507.61	1329.60356164384	1022.41178082192
1756	1	1299.69	1307.098	1300.755	NA	NA	NA	NA	300	300	1	1	2	-647.845	1601.77108108108	1298.73054054054
1756	2	1071.503	1086.318	1073.632	0.986	0	0	0	149	151	0.993	0.998	4	-531.751	1373.70608163265	1068.60404081633
1756	3	1074.483	1096.706	1077.678	0.846	0.4478	0.4743	0.6667	9	151	0.236	0.997	6	-531.242	1376.86756164384	1069.67578082192
1767	1	1293.163	1300.57	1294.227	NA	NA	NA	NA	300	300	1	1	2	-644.581	1595.24308108108	1292.20254054054
1767	2	1043.822	1058.637	1045.951	0.991	0	0	0	149	151	0.996	1	4	-517.911	1346.02608163265	1040.92404081633
1767	3	1042.498	1064.721	1045.692	0.983	0.022	0.0279	0.0896	3	149	0.786	1	6	-515.249	1344.88156164384	1037.68978082192
1796	1	1306.766	1314.174	1307.831	NA	NA	NA	NA	300	300	1	1	2	-651.383	1608.84708108108	1305.80654054054
1796	2	1063.552	1078.367	1065.682	0.987	0	0	0	150	150	0.994	1	4	-527.776	1365.75608163265	1060.65404081633
1796	3	1063	1085.222	1066.194	0.869	0.1402	0.1587	0.1132	19	150	0.518	0.999	6	-525.5	1365.38356164384	1058.19178082192
1823	1	128.753	132.13	125.872	NA	NA	NA	NA	40	40	1	1	2	-62.376	171.418666666667	128.085333333333
1823	2	125.762	132.517	120	0.784	0.0498	0.0745	0.04	15	25	0.854	0.994	4	-58.881	169.526705882353	123.644352941176
1823	3	128.312	138.445	119.67	0.887	0.6779	0.7032	1	8	17	0.914	0.993	6	-58.156	173.812	125.062
1847	1	121.667	125.045	118.786	NA	NA	NA	NA	40	40	1	1	2	-58.833	164.332666666667	120.999333333333
1847	2	123.839	130.595	118.078	0.602	0.396	0.4454	0.5	11	29	0.759	0.963	4	-57.92	167.604705882353	121.722352941176
1847	3	125.13	135.264	116.488	0.925	0.7294	0.7577	0.3333	11	16	0.956	0.998	6	-56.565	170.63	121.88
1863	1	121.327	124.705	118.447	NA	NA	NA	NA	40	40	1	1	2	-58.664	163.994666666667	120.661333333333
1863	2	123.728	130.483	117.966	0.605	0.6146	0.6545	0.5	20	20	0.893	0.918	4	-57.864	167.492705882353	121.610352941176
1863	3	126.023	136.156	117.381	0.803	0.2656	0.2934	1	7	20	0.849	0.993	6	-57.012	171.524	122.774
1874	1	127.056	130.434	124.175	NA	NA	NA	NA	40	40	1	1	2	-61.528	169.722666666667	126.389333333333
1874	2	125.522	132.278	119.761	0.767	0.0636	0.0895	0.1463	10	30	0.82	0.99	4	-58.761	169.286705882353	123.404352941176
1874	3	128.528	138.661	119.885	0.829	0.7022	0.7315	1	9	21	0.859	0.987	6	-58.264	174.028	125.278
1888	1	119.252	122.63	116.371	NA	NA	NA	NA	40	40	1	1	2	-57.626	161.918666666667	118.585333333333
1888	2	116.926	123.682	111.165	0.845	0.0279	0.0419	0.0652	6	34	0.856	0.99	4	-54.463	160.690705882353	114.808352941176
1888	3	119.893	130.027	111.251	0.841	0.7424	0.7695	0.6667	6	25	0.86	0.992	6	-53.947	165.394	116.644
1925	1	147.145	150.523	144.264	NA	NA	NA	NA	40	40	1	1	2	-71.572	189.810666666667	146.477333333333
1925	2	142.027	148.782	136.265	0.787	0.0266	0.0407	0.0128	17	23	0.834	0.994	4	-67.013	185.790705882353	139.908352941176
1925	3	141.851	151.984	133.208	0.837	0.0525	0.0676	0.2	7	17	0.777	0.993	6	-64.925	187.35	138.6
1950	1	139.194	142.571	136.313	NA	NA	NA	NA	40	40	1	1	2	-67.597	181.860666666667	138.527333333333
1950	2	127.532	134.288	121.77	0.91	7e-04	0.0019	0	18	22	0.945	0.999	4	-59.766	171.296705882353	125.414352941176
1950	3	131.279	141.413	122.637	0.846	0.5467	0.58	1	4	18	0.778	0.979	6	-59.64	176.78	128.03
1969	1	124.473	127.851	121.592	NA	NA	NA	NA	40	40	1	1	2	-60.237	167.140666666667	123.807333333333
1969	2	125.003	131.759	119.242	0.757	0.2309	0.2723	0.2083	12	28	0.937	0.939	4	-58.502	168.768705882353	122.886352941176
1969	3	125.102	135.236	116.46	0.894	0.5764	0.6158	0.1714	12	16	0.931	1	6	-56.551	170.602	121.852
1987	1	118.478	121.856	115.598	NA	NA	NA	NA	40	40	1	1	2	-57.239	161.144666666667	117.811333333333
1987	2	122.043	128.798	116.281	0.406	0.7345	0.7586	1	9	31	0.565	0.94	4	-57.021	165.806705882353	119.924352941176
1987	3	123.179	133.312	114.537	0.924	0.745	0.7744	0.2857	9	16	0.957	0.997	6	-55.59	168.68	119.93
2003	1	125.449	128.826	122.568	NA	NA	NA	NA	40	40	1	1	2	-60.724	168.114666666667	124.781333333333
2003	2	125.33	132.086	119.569	0.774	0.1587	0.1964	0.2	12	28	0.939	0.95	4	-58.665	169.094705882353	123.212352941176
2003	3	125.808	135.941	117.166	0.896	0.6105	0.6479	0.1765	12	15	0.932	1	6	-56.904	171.308	122.558
2031	1	147.145	150.523	144.264	NA	NA	NA	NA	40	40	1	1	2	-71.572	189.810666666667	146.477333333333
2031	2	142.027	148.782	136.265	0.787	0.0266	0.0407	0.0128	17	23	0.834	0.994	4	-67.013	185.790705882353	139.908352941176
2031	3	141.851	151.984	133.208	0.837	0.0525	0.0676	0.2	7	17	0.777	0.993	6	-64.925	187.35	138.6
2058	1	121.667	125.045	118.786	NA	NA	NA	NA	40	40	1	1	2	-58.833	164.332666666667	120.999333333333
2058	2	123.839	130.595	118.078	0.602	0.396	0.4454	0.5	11	29	0.759	0.963	4	-57.92	167.604705882353	121.722352941176
2058	3	125.13	135.264	116.488	0.925	0.7294	0.7577	0.3333	11	16	0.956	0.998	6	-56.565	170.63	121.88
2063	1	127.056	130.434	124.175	NA	NA	NA	NA	40	40	1	1	2	-61.528	169.722666666667	126.389333333333
2063	2	125.522	132.278	119.761	0.767	0.0636	0.0895	0.1463	10	30	0.82	0.99	4	-58.761	169.286705882353	123.404352941176
2063	3	128.528	138.661	119.885	0.829	0.7022	0.7315	1	9	21	0.859	0.987	6	-58.264	174.028	125.278
2090	1	125.449	128.826	122.568	NA	NA	NA	NA	40	40	1	1	2	-60.724	168.114666666667	124.781333333333
2090	2	125.33	132.086	119.569	0.774	0.1587	0.1964	0.2	12	28	0.939	0.95	4	-58.665	169.094705882353	123.212352941176
2090	3	125.808	135.941	117.166	0.896	0.6105	0.6479	0.1765	12	15	0.932	1	6	-56.904	171.308	122.558
2113	1	307.106	312.316	305.999	NA	NA	NA	NA	100	100	1	1	2	-151.553	409.356	306.231
2113	2	305.725	316.146	303.513	0.587	0.086	0.1092	0.0779	23	77	0.591	0.988	4	-148.862	408.36229787234	303.04314893617
2113	3	306.542	322.173	303.224	0.799	0.2578	0.2839	0.25	23	49	0.842	0.986	6	-147.271	409.759391304348	302.150695652174
2135	1	331.297	336.507	330.19	NA	NA	NA	NA	100	100	1	1	2	-163.648	433.546	330.421
2135	2	315.497	325.918	313.285	0.797	1e-04	2e-04	0	39	61	0.82	0.996	4	-153.749	418.13629787234	312.81714893617
2135	3	317.954	333.585	314.636	0.786	0.2184	0.2436	0.6667	17	44	0.791	0.968	6	-152.977	421.171391304348	313.562695652174
2146	1	294.32	299.53	293.213	NA	NA	NA	NA	100	100	1	1	2	-145.16	396.57	293.445
2146	2	298.008	308.429	295.796	0.263	0.8012	0.8181	1	31	69	0.569	0.887	4	-145.004	400.64629787234	295.32714893617
2146	3	294.487	310.118	291.169	0.907	0.4555	0.4895	0.0404	28	41	0.946	0.998	6	-141.244	397.705391304348	290.096695652174
2176	1	296.735	301.946	295.629	NA	NA	NA	NA	100	100	1	1	2	-146.368	398.986	295.861
2176	2	296.651	307.071	294.438	0.566	0.1269	0.1579	0.2143	30	70	0.717	0.968	4	-144.325	399.28829787234	293.96914893617
2176	3	292.515	308.146	289.196	0.94	0.4588	0.487	0	30	38	0.967	0.998	6	-140.257	395.731391304348	288.122695652174
2194	1	259.432	264.642	258.326	NA	NA	NA	NA	100	100	1	1	2	-127.716	361.682	258.557
2194	2	258.773	269.194	256.561	0.643	0.0916	0.116	0.0923	16	84	0.658	0.98	4	-125.387	361.41229787234	256.09314893617
2194	3	231.988	247.619	228.669	0.995	0.3642	0.3902	0	16	49	0.998	1	6	-109.994	335.205391304348	227.596695652174
2213	1	331.297	336.507	330.19	NA	NA	NA	NA	100	100	1	1	2	-163.648	433.546	330.421
2213	2	315.497	325.918	313.285	0.797	1e-04	2e-04	0	39	61	0.82	0.996	4	-153.749	418.13629787234	312.81714893617
2213	3	317.954	333.585	314.636	0.786	0.2184	0.2436	0.6667	17	44	0.791	0.968	6	-152.977	421.171391304348	313.562695652174
2223	1	294.32	299.53	293.213	NA	NA	NA	NA	100	100	1	1	2	-145.16	396.57	293.445
2223	2	298.008	308.429	295.796	0.263	0.8012	0.8181	1	31	69	0.569	0.887	4	-145.004	400.64629787234	295.32714893617
2223	3	294.487	310.118	291.169	0.907	0.4555	0.4895	0.0404	28	41	0.946	0.998	6	-141.244	397.705391304348	290.096695652174
2250	1	296.735	301.946	295.629	NA	NA	NA	NA	100	100	1	1	2	-146.368	398.986	295.861
2250	2	296.651	307.071	294.438	0.566	0.1269	0.1579	0.2143	30	70	0.717	0.968	4	-144.325	399.28829787234	293.96914893617
2250	3	292.515	308.146	289.196	0.94	0.4588	0.487	0	30	38	0.967	0.998	6	-140.257	395.731391304348	288.122695652174
2273	1	354.113	359.324	353.007	NA	NA	NA	NA	100	100	1	1	2	-175.057	456.364	353.239
2273	2	320.085	330.506	317.873	0.905	0	0	0	47	53	0.95	0.998	4	-156.043	422.72429787234	317.40514893617
2273	3	321.922	337.553	318.604	0.843	0.0762	0.0917	0.6667	11	47	0.768	0.99	6	-154.961	425.139391304348	317.530695652174
2279	1	324.05	329.261	322.944	NA	NA	NA	NA	100	100	1	1	2	-160.025	426.3	323.175
2279	2	322.745	333.166	320.533	0.65	0.0338	0.0466	0.0779	23	77	0.78	0.955	4	-157.373	425.38429787234	320.06514893617
2279	3	316.803	332.434	313.484	0.803	0.0084	0.013	0	23	44	0.8	0.996	6	-152.401	420.019391304348	312.410695652174
2309	1	331.297	336.507	330.19	NA	NA	NA	NA	100	100	1	1	2	-163.648	433.546	330.421
2309	2	315.497	325.918	313.285	0.797	1e-04	2e-04	0	39	61	0.82	0.996	4	-153.749	418.13629787234	312.81714893617
2309	3	317.954	333.585	314.636	0.786	0.2184	0.2436	0.6667	17	44	0.791	0.968	6	-152.977	421.171391304348	313.562695652174
2317	1	330.471	335.682	329.365	NA	NA	NA	NA	100	100	1	1	2	-163.236	432.722	329.597
2317	2	326.32	336.74	324.107	0.693	0.0548	0.0722	0.0303	41	59	0.892	0.955	4	-159.16	428.95829787234	323.63914893617
2317	3	320.993	336.624	317.675	0.808	0.0065	0.0099	0.02	29	41	0.817	0.997	6	-154.497	424.211391304348	316.602695652174
2361	1	354.113	359.324	353.007	NA	NA	NA	NA	100	100	1	1	2	-175.057	456.364	353.239
2361	2	320.085	330.506	317.873	0.905	0	0	0	47	53	0.95	0.998	4	-156.043	422.72429787234	317.40514893617
2361	3	321.922	337.553	318.604	0.843	0.0762	0.0917	0.6667	11	47	0.768	0.99	6	-154.961	425.139391304348	317.530695652174
2371	1	252.96	258.17	251.853	NA	NA	NA	NA	100	100	1	1	2	-124.48	355.21	252.085
2371	2	256.637	267.058	254.425	0.858	0.5694	0.5878	1	2	98	0.341	0.991	4	-124.319	359.27629787234	253.95714893617
2371	3	234.548	250.179	231.229	0.992	0.37	0.3984	0	14	48	0.997	1	6	-111.274	337.765391304348	230.156695652174
2383	1	284.484	289.694	283.378	NA	NA	NA	NA	100	100	1	1	2	-140.242	386.734	283.609
2383	2	287.927	298.347	285.714	0.339	0.6654	0.691	1	24	76	0.545	0.921	4	-139.963	390.56429787234	285.24514893617
2383	3	281.17	296.801	277.852	0.955	0.4518	0.4825	0	24	40	0.978	0.999	6	-134.585	384.387391304348	276.778695652174
2398	1	284.484	289.694	283.378	NA	NA	NA	NA	100	100	1	1	2	-140.242	386.734	283.609
2398	2	287.927	298.347	285.714	0.339	0.6654	0.691	1	24	76	0.545	0.921	4	-139.963	390.56429787234	285.24514893617
2398	3	281.17	296.801	277.852	0.955	0.4518	0.4825	0	24	40	0.978	0.999	6	-134.585	384.387391304348	276.778695652174
2408	1	809.822	817.229	810.886	NA	NA	NA	NA	300	300	1	1	2	-402.911	1111.90308108108	808.862540540541
2408	2	808.544	823.36	810.674	0.443	0.0706	0.0887	1	102	198	0.653	0.954	4	-400.272	1110.74808163265	805.646040816326
2408	3	726.262	748.485	729.456	0.994	0.1084	0.1241	0	83	115	0.998	1	6	-357.131	1028.64556164384	721.453780821918
2420	1	759.559	766.966	760.623	NA	NA	NA	NA	300	300	1	1	2	-377.779	1061.63908108108	758.598540540541
2420	2	760.32	775.135	762.449	0.467	0.1629	0.1884	1	47	253	0.511	0.956	4	-376.16	1062.52408163265	757.422040816327
2420	3	671.93	694.153	675.125	0.995	0.11	0.1256	0	47	131	0.998	1	6	-329.965	974.313561643836	667.121780821918
2429	1	792.143	799.55	793.207	NA	NA	NA	NA	300	300	1	1	2	-394.071	1094.22308108108	791.182540540541
2429	2	794.112	808.928	796.242	0.404	0.2871	0.3173	1	82	218	0.665	0.894	4	-393.056	1096.31608163265	791.214040816326
2429	3	710.79	733.013	713.985	0.994	0.1086	0.1244	0	82	132	0.998	1	6	-349.395	1013.17356164384	705.981780821918
2450	1	815.231	822.639	816.296	NA	NA	NA	NA	300	300	1	1	2	-405.616	1117.31308108108	814.27254054054
2450	2	819.047	833.862	821.176	0.176	0.8362	0.847	1	88	212	0.502	0.855	4	-405.523	1121.25008163265	816.148040816327
2450	3	768.937	791.16	772.132	0.98	0.1188	0.1358	0	79	133	0.993	1	6	-378.469	1071.32156164384	764.129780821918
2468	1	792.143	799.55	793.207	NA	NA	NA	NA	300	300	1	1	2	-394.071	1094.22308108108	791.182540540541
2468	2	794.112	808.928	796.242	0.404	0.2871	0.3173	1	82	218	0.665	0.894	4	-393.056	1096.31608163265	791.214040816326
2468	3	710.79	733.013	713.985	0.994	0.1086	0.1244	0	82	132	0.998	1	6	-349.395	1013.17356164384	705.981780821918
2481	1	805.759	813.167	806.824	NA	NA	NA	NA	300	300	1	1	2	-400.88	1107.84108108108	804.800540540541
2481	2	809.422	824.237	811.551	0.227	0.8154	0.8285	1	104	196	0.609	0.836	4	-400.711	1111.62608163265	806.524040816327
2481	3	758.602	780.825	761.797	0.981	0.1096	0.1255	0	64	132	0.993	1	6	-373.301	1060.98556164384	753.793780821918
2492	1	815.231	822.639	816.296	NA	NA	NA	NA	300	300	1	1	2	-405.616	1117.31308108108	814.27254054054
2492	2	819.047	833.862	821.176	0.176	0.8362	0.847	1	88	212	0.502	0.855	4	-405.523	1121.25008163265	816.148040816327
2492	3	768.937	791.16	772.132	0.98	0.1188	0.1358	0	79	133	0.993	1	6	-378.469	1071.32156164384	764.129780821918
2508	1	812.936	820.344	814.001	NA	NA	NA	NA	300	300	1	1	2	-404.468	1115.01708108108	811.976540540541
2508	2	812.835	827.65	814.964	0.539	0.0686	0.0834	1	68	232	0.716	0.904	4	-402.417	1115.03808163265	809.936040816326
2508	3	759.305	781.527	762.499	0.983	0.1174	0.1343	0	68	128	0.994	1	6	-373.652	1061.68756164384	754.495780821918
2525	1	812.936	820.344	814.001	NA	NA	NA	NA	300	300	1	1	2	-404.468	1115.01708108108	811.976540540541
2525	2	812.835	827.65	814.964	0.539	0.0686	0.0834	1	68	232	0.716	0.904	4	-402.417	1115.03808163265	809.936040816326
2525	3	759.305	781.527	762.499	0.983	0.1174	0.1343	0	68	128	0.994	1	6	-373.652	1061.68756164384	754.495780821918
2536	1	962.236	969.644	963.301	NA	NA	NA	NA	300	300	1	1	2	-479.118	1264.31708108108	961.276540540541
2536	2	900.135	914.95	902.265	0.815	0	0	0	130	170	0.868	0.996	4	-446.068	1202.34008163265	897.238040816326
2536	3	898.018	920.241	901.212	0.847	0.1707	0.1894	0.051	50	130	0.864	0.984	6	-443.009	1200.40156164384	893.209780821918
2573	1	856.358	863.766	857.423	NA	NA	NA	NA	300	300	1	1	2	-426.179	1158.43908108108	855.39854054054
2573	2	848.824	863.639	850.953	0.56	0.0026	0.0043	0	96	204	0.733	0.966	4	-420.412	1151.02808163265	845.926040816326
2573	3	807.652	829.875	810.846	0.974	0.1239	0.1407	0	96	103	0.988	0.999	6	-397.826	1110.03556164384	802.843780821918
2582	1	812.936	820.344	814.001	NA	NA	NA	NA	300	300	1	1	2	-404.468	1115.01708108108	811.976540540541
2582	2	812.835	827.65	814.964	0.539	0.0686	0.0834	1	68	232	0.716	0.904	4	-402.417	1115.03808163265	809.936040816326
2582	3	759.305	781.527	762.499	0.983	0.1174	0.1343	0	68	128	0.994	1	6	-373.652	1061.68756164384	754.495780821918
2594	1	856.358	863.766	857.423	NA	NA	NA	NA	300	300	1	1	2	-426.179	1158.43908108108	855.39854054054
2594	2	848.824	863.639	850.953	0.56	0.0026	0.0043	0	96	204	0.733	0.966	4	-420.412	1151.02808163265	845.926040816326
2594	3	807.652	829.875	810.846	0.974	0.1239	0.1407	0	96	103	0.988	0.999	6	-397.826	1110.03556164384	802.843780821918
2608	1	856.358	863.766	857.423	NA	NA	NA	NA	300	300	1	1	2	-426.179	1158.43908108108	855.39854054054
2608	2	848.824	863.639	850.953	0.56	0.0026	0.0043	0	96	204	0.733	0.966	4	-420.412	1151.02808163265	845.926040816326
2608	3	807.652	829.875	810.846	0.974	0.1239	0.1407	0	96	103	0.988	0.999	6	-397.826	1110.03556164384	802.843780821918
2623	1	962.236	969.644	963.301	NA	NA	NA	NA	300	300	1	1	2	-479.118	1264.31708108108	961.276540540541
2623	2	900.135	914.95	902.265	0.815	0	0	0	130	170	0.868	0.996	4	-446.068	1202.34008163265	897.238040816326
2623	3	898.018	920.241	901.212	0.847	0.1707	0.1894	0.051	50	130	0.864	0.984	6	-443.009	1200.40156164384	893.209780821918
2656	1	962.236	969.644	963.301	NA	NA	NA	NA	300	300	1	1	2	-479.118	1264.31708108108	961.276540540541
2656	2	900.135	914.95	902.265	0.815	0	0	0	130	170	0.868	0.996	4	-446.068	1202.34008163265	897.238040816326
2656	3	898.018	920.241	901.212	0.847	0.1707	0.1894	0.051	50	130	0.864	0.984	6	-443.009	1200.40156164384	893.209780821918
2687	1	862.279	869.687	863.344	NA	NA	NA	NA	300	300	1	1	2	-429.14	1164.36108108108	861.32054054054
2687	2	863.94	878.755	866.069	0.378	0.2013	0.2276	1	72	228	0.576	0.923	4	-427.97	1166.14408163265	861.042040816327
2687	3	844.337	866.56	847.531	0.93	0.1719	0.1923	0	72	117	0.962	0.998	6	-416.169	1146.72156164384	839.529780821918
2697	1	815.231	822.639	816.296	NA	NA	NA	NA	300	300	1	1	2	-405.616	1117.31308108108	814.27254054054
2697	2	819.047	833.862	821.176	0.176	0.8362	0.847	1	88	212	0.502	0.855	4	-405.523	1121.25008163265	816.148040816327
2697	3	768.937	791.16	772.132	0.98	0.1188	0.1358	0	79	133	0.993	1	6	-378.469	1071.32156164384	764.129780821918
