2	1	113.178	116.556	110.297	NA	NA	NA	NA	40	40	1	1	2	-54.589	155.844666666667	112.511333333333
2	2	114.071	120.826	108.309	0.963	0.0789	0.0963	0.2857	1	39	0.777	0.999	4	-53.035	157.834705882353	111.952352941176
2	3	115.095	125.228	106.453	0.846	0.8248	0.8481	0.3077	2	28	0.86	0.966	6	-51.548	160.596	111.846
28	1	136.494	139.872	133.613	NA	NA	NA	NA	40	40	1	1	2	-66.247	179.160666666667	135.827333333333
28	2	135.21	141.965	129.448	0.756	0.0978	0.1315	0.2	15	25	0.923	0.944	4	-63.605	178.974705882353	133.092352941176
28	3	138.603	148.737	129.961	0.679	0.8412	0.8588	0.4286	10	16	0.805	0.872	6	-63.302	184.104	135.354
53	1	125.882	129.26	123.001	NA	NA	NA	NA	40	40	1	1	2	-60.941	168.548666666667	125.215333333333
53	2	128.361	135.117	122.6	0.559	0.421	0.4671	0.5	15	25	0.83	0.896	4	-60.181	172.126705882353	126.244352941176
53	3	130.902	141.036	122.26	0.727	0.6843	0.7195	0.5	10	18	0.846	0.949	6	-59.451	176.402	127.652
63	1	133.213	136.591	130.333	NA	NA	NA	NA	40	40	1	1	2	-64.607	175.880666666667	132.547333333333
63	2	135.666	142.421	129.904	0.589	0.5232	0.5752	0.5	18	22	0.851	0.918	4	-63.833	179.430705882353	133.548352941176
63	3	137.679	147.812	129.037	0.8	0.6072	0.6372	1	6	18	0.85	0.946	6	-62.839	183.178	134.428
77	1	125.599	128.977	122.719	NA	NA	NA	NA	40	40	1	1	2	-60.8	168.266666666667	124.933333333333
77	2	128.219	134.975	122.458	0.612	0.4363	0.4794	0.5	9	31	0.749	0.948	4	-60.11	171.984705882353	126.102352941176
77	3	131.139	141.272	122.497	0.726	0.7819	0.8094	1	9	19	0.853	0.971	6	-59.569	176.638	127.888
93	1	141.011	144.389	138.13	NA	NA	NA	NA	40	40	1	1	2	-68.505	183.676666666667	140.343333333333
93	2	144.896	151.651	139.134	0.446	0.9224	0.9264	1	7	33	0.517	0.931	4	-68.448	188.660705882353	142.778352941176
93	3	146.267	156.4	137.625	0.802	0.1271	0.1493	1	2	30	0.774	0.973	6	-67.133	191.766	143.016
109	1	148.03	151.408	145.149	NA	NA	NA	NA	40	40	1	1	2	-72.015	190.696666666667	147.363333333333
109	2	144.608	151.364	138.847	0.789	0.0451	0.066	0.03	20	20	0.916	0.953	4	-68.304	188.372705882353	142.490352941176
109	3	145.546	155.679	136.904	0.826	0.2048	0.2478	0.3333	10	17	0.905	0.956	6	-66.773	191.046	142.296
136	1	154.111	157.488	151.23	NA	NA	NA	NA	40	40	1	1	2	-75.055	196.776666666667	153.443333333333
136	2	149.675	156.431	143.914	0.845	0.0272	0.0428	0.02	16	24	0.935	0.977	4	-70.838	193.440705882353	147.558352941176
136	3	152.907	163.04	144.265	0.729	0.5929	0.6236	1	5	19	0.592	0.973	6	-70.454	198.408	149.658
163	1	153.637	157.015	150.757	NA	NA	NA	NA	40	40	1	1	2	-74.819	196.304666666667	152.971333333333
163	2	147.544	154.3	141.783	0.925	0.2937	0.3291	0	18	22	0.98	0.993	4	-69.772	191.308705882353	145.426352941176
163	3	144.338	154.472	135.696	0.98	0.0213	0.0282	0	1	21	0.934	0.998	6	-66.169	189.838	141.088
183	1	151.499	154.876	148.618	NA	NA	NA	NA	40	40	1	1	2	-73.749	194.164666666667	150.831333333333
183	2	149.234	155.989	143.472	0.806	0.0545	0.0797	0.0652	17	23	0.935	0.966	4	-70.617	192.998705882353	147.116352941176
183	3	152.81	162.944	144.168	0.719	0.7183	0.7383	1	6	22	0.723	0.973	6	-70.405	198.31	149.56
210	1	173.508	176.885	170.627	NA	NA	NA	NA	40	40	1	1	2	-84.754	216.174666666667	172.841333333333
210	2	167.874	174.629	162.112	0.85	0.0172	0.0287	0	17	23	0.926	0.986	4	-79.937	211.638705882353	165.756352941176
210	3	170.966	181.099	162.324	0.752	0.7075	0.734	0.375	9	19	0.799	0.947	6	-79.483	216.466	167.716
226	1	176.276	179.653	173.395	NA	NA	NA	NA	40	40	1	1	2	-86.138	218.942666666667	175.609333333333
226	2	172.268	179.024	166.507	0.808	0.0267	0.0419	0.02	18	22	0.916	0.964	4	-82.134	216.032705882353	170.150352941176
226	3	175.157	185.29	166.514	0.733	0.6221	0.658	1	10	16	0.744	0.954	6	-81.578	220.656	171.906
253	1	172.81	176.188	169.929	NA	NA	NA	NA	40	40	1	1	2	-84.405	215.476666666667	172.143333333333
253	2	154.145	160.9	148.383	0.948	0.0011	0.0022	0	19	21	0.973	0.997	4	-73.072	197.908705882353	152.026352941176
253	3	153.536	163.669	144.893	0.906	0.23	0.2715	0.0984	7	20	0.907	0.983	6	-70.768	199.036	150.286
278	1	178.169	181.547	175.289	NA	NA	NA	NA	40	40	1	1	2	-87.085	220.836666666667	177.503333333333
278	2	167.079	173.835	161.318	0.926	7e-04	0.0017	0	19	21	0.977	0.982	4	-79.54	210.844705882353	164.962352941176
278	3	170.746	180.88	162.104	0.723	0.7361	0.7558	1	9	18	0.715	0.967	6	-79.373	216.246	167.496
285	1	185.501	188.879	182.621	NA	NA	NA	NA	40	40	1	1	2	-90.751	228.168666666667	184.835333333333
285	2	178.524	185.28	172.763	0.923	0.0242	0.0377	0	20	20	0.971	0.995	4	-85.262	222.288705882353	176.406352941176
285	3	181.618	191.751	172.975	0.862	0.584	0.6049	1	4	20	0.776	0.989	6	-84.809	227.118	178.368
302	1	321.798	327.009	320.692	NA	NA	NA	NA	100	100	1	1	2	-158.899	424.048	320.923
302	2	320.331	330.752	318.119	0.995	0.0057	0.0083	0.0789	1	99	0.958	1	4	-156.166	422.97029787234	317.65114893617
302	3	321.453	337.084	318.135	0.693	0.2883	0.3268	0.6667	1	58	0.799	0.997	6	-154.727	424.671391304348	317.062695652174
320	1	297.933	303.143	296.827	NA	NA	NA	NA	100	100	1	1	2	-146.966	400.182	297.057
320	2	301.721	312.142	299.509	0.283	0.8568	0.8679	1	19	81	0.411	0.912	4	-146.861	404.36029787234	299.04114893617
320	3	305.158	320.789	301.84	0.561	0.7257	0.7439	1	8	64	0.602	0.865	6	-146.579	408.375391304348	300.766695652174
337	1	314.03	319.24	312.923	NA	NA	NA	NA	100	100	1	1	2	-155.015	416.28	313.155
337	2	316.678	327.099	314.466	0.418	0.486	0.5189	0.6667	31	69	0.68	0.888	4	-154.339	419.31629787234	313.99714893617
337	3	319.041	334.672	315.723	0.638	0.3053	0.3352	0.4286	6	53	0.61	0.856	6	-153.521	422.259391304348	314.650695652174
354	1	292.747	297.957	291.641	NA	NA	NA	NA	100	100	1	1	2	-144.373	394.996	291.871
354	2	294.011	304.432	291.799	0.595	0.451	0.4826	0.6667	22	78	0.699	0.942	4	-143.006	396.65029787234	291.33114893617
354	3	294.632	310.263	291.314	0.793	0.0508	0.063	0.2174	1	75	0.784	0.952	6	-141.316	397.849391304348	290.240695652174
374	1	308.498	313.708	307.392	NA	NA	NA	NA	100	100	1	1	2	-152.249	410.748	307.623
374	2	311.941	322.362	309.729	0.967	0.3799	0.4011	1	1	99	0.676	0.997	4	-151.971	414.58029787234	309.26114893617
374	3	314.072	329.703	310.754	0.654	0.3392	0.3771	0.6667	1	62	0.746	0.88	6	-151.036	417.289391304348	309.680695652174
389	1	321.073	326.284	319.967	NA	NA	NA	NA	100	100	1	1	2	-158.537	423.324	320.199
389	2	311.433	321.853	309.22	0.768	0.0026	0.0047	0	44	56	0.906	0.955	4	-151.716	414.07029787234	308.75114893617
389	3	314.758	330.389	311.44	0.692	0.6361	0.659	0.6667	9	48	0.523	0.937	6	-151.379	417.975391304348	310.366695652174
403	1	398.208	403.418	397.102	NA	NA	NA	NA	100	100	1	1	2	-197.104	500.458	397.333
403	2	389.77	400.19	387.557	0.726	0.0026	0.0047	0	45	55	0.897	0.939	4	-190.885	492.40829787234	387.08914893617
403	3	386.924	402.555	383.605	0.808	0.0833	0.1062	0	30	35	0.889	0.947	6	-187.462	490.141391304348	382.532695652174
420	1	376.465	381.676	375.359	NA	NA	NA	NA	100	100	1	1	2	-186.233	478.716	375.591
420	2	367.718	378.139	365.506	0.737	0.0018	0.0033	0	35	65	0.873	0.957	4	-179.859	470.35629787234	365.03714893617
420	3	365.549	381.18	362.23	0.777	0.0581	0.0787	0.03	29	36	0.859	0.952	6	-176.774	468.765391304348	361.156695652174
446	1	406.304	411.515	405.198	NA	NA	NA	NA	100	100	1	1	2	-201.152	508.554	405.429
446	2	397.752	408.173	395.54	0.767	0.0056	0.0092	0	50	50	0.933	0.943	4	-194.876	500.39029787234	395.07114893617
446	3	399.788	415.419	396.47	0.733	0.2344	0.267	0.3077	10	47	0.598	0.962	6	-193.894	503.005391304348	395.396695652174
458	1	406.258	411.468	405.152	NA	NA	NA	NA	100	100	1	1	2	-201.129	508.508	405.383
458	2	388.809	399.23	386.597	0.835	0	1e-04	0	47	53	0.947	0.961	4	-190.405	491.44829787234	386.12914893617
458	3	391.82	407.451	388.501	0.697	0.6503	0.677	0.6667	24	47	0.691	0.947	6	-189.91	495.037391304348	387.428695652174
472	1	408.731	413.941	407.625	NA	NA	NA	NA	100	100	1	1	2	-202.365	510.98	407.855
472	2	402.707	413.127	400.494	0.735	0.0095	0.0156	0.0202	49	51	0.925	0.935	4	-197.353	505.34429787234	400.02514893617
472	3	406.637	422.268	403.319	0.729	0.8095	0.8159	1	1	50	0.127	0.945	6	-197.319	509.855391304348	402.246695652174
496	1	393.315	398.526	392.209	NA	NA	NA	NA	100	100	1	1	2	-194.658	495.566	392.441
496	2	390.828	401.248	388.615	0.681	0.1815	0.2159	0.0404	49	51	0.901	0.916	4	-191.414	493.46629787234	388.14714893617
496	3	392.932	408.563	389.614	0.819	0.1866	0.2065	0.6667	1	50	0.675	0.926	6	-190.466	496.149391304348	388.540695652174
525	1	439.935	445.145	438.829	NA	NA	NA	NA	100	100	1	1	2	-217.967	542.184	439.059
525	2	422.871	433.292	420.659	0.845	2e-04	5e-04	0	48	52	0.944	0.974	4	-207.436	525.51029787234	420.19114893617
525	3	425.272	440.903	421.954	0.776	0.3268	0.3593	0.6667	7	47	0.505	0.965	6	-206.636	528.489391304348	420.880695652174
542	1	448.002	453.213	446.896	NA	NA	NA	NA	100	100	1	1	2	-222.001	550.252	447.127
542	2	432.719	443.14	430.507	0.836	2e-04	4e-04	0	48	52	0.942	0.965	4	-212.359	535.35629787234	430.03714893617
542	3	436.431	452.062	433.112	0.796	0.679	0.6949	1	3	49	0.343	0.946	6	-212.215	539.647391304348	432.038695652174
558	1	444.33	449.54	443.224	NA	NA	NA	NA	100	100	1	1	2	-220.165	546.58	443.455
558	2	421.612	432.032	419.399	0.847	0	0	0	47	53	0.951	0.966	4	-206.806	524.25029787234	418.93114893617
558	3	419.527	435.158	416.209	0.825	0.0559	0.0757	0.0505	22	40	0.812	0.969	6	-203.764	522.745391304348	415.136695652174
590	1	444.383	449.593	443.277	NA	NA	NA	NA	100	100	1	1	2	-220.191	546.632	443.507
590	2	428.841	439.262	426.629	0.861	0.0086	0.013	0	47	53	0.949	0.981	4	-210.421	531.48029787234	426.16114893617
590	3	424.247	439.878	420.928	0.853	0.0988	0.1193	0	18	46	0.867	0.988	6	-206.123	527.463391304348	419.854695652174
607	1	912.871	920.279	913.936	NA	NA	NA	NA	300	300	1	1	2	-454.436	1214.95308108108	911.91254054054
607	2	915.229	930.044	917.358	0.388	0.3603	0.3913	1	54	246	0.47	0.929	4	-453.614	1217.43208163265	912.330040816326
607	3	918.627	940.85	921.821	0.48	0.7573	0.7768	1	33	188	0.599	0.831	6	-453.314	1221.01156164384	913.819780821918
624	1	927.594	935.002	928.659	NA	NA	NA	NA	300	300	1	1	2	-461.797	1229.67508108108	926.634540540541
624	2	931.19	946.005	933.319	0.221	0.8005	0.8165	1	148	152	0.717	0.733	4	-461.595	1233.39408163265	928.292040816327
624	3	932.099	954.322	935.294	0.62	0.2207	0.2483	0.4286	23	191	0.595	0.886	6	-460.05	1234.48356164384	927.291780821918
639	1	896.831	904.238	897.896	NA	NA	NA	NA	300	300	1	1	2	-446.415	1198.91108108108	895.870540540541
639	2	899.862	914.677	901.992	0.967	0.3032	0.3214	1	2	298	0.499	0.998	4	-445.931	1202.06608163265	896.964040816326
639	3	897.671	919.894	900.866	0.721	0.0557	0.0714	0.3333	8	246	0.6	0.948	6	-442.836	1200.05556164384	892.863780821918
657	1	914.091	921.499	915.156	NA	NA	NA	NA	300	300	1	1	2	-455.046	1216.17308108108	913.132540540541
657	2	917.252	932.067	919.381	0.29	0.6635	0.6865	1	109	191	0.649	0.836	4	-454.626	1219.45608163265	914.354040816326
657	3	917.222	939.444	920.416	0.634	0.2944	0.3228	0.3077	49	191	0.707	0.898	6	-452.611	1219.60556164384	912.413780821918
672	1	929.816	937.224	930.881	NA	NA	NA	NA	300	300	1	1	2	-462.908	1231.89708108108	928.856540540541
672	2	933.443	948.258	935.573	0.707	0.6449	0.6623	1	2	298	0.059	0.997	4	-462.722	1235.64808163265	930.546040816326
672	3	937.058	959.281	940.252	0.554	0.8911	0.8972	1	10	256	0.264	0.938	6	-462.529	1239.44156164384	932.249780821918
692	1	919.665	927.073	920.73	NA	NA	NA	NA	300	300	1	1	2	-457.833	1221.74708108108	918.706540540541
692	2	923.435	938.25	925.564	0.689	0.7751	0.7869	1	1	299	0.03	0.999	4	-457.717	1225.63808163265	920.536040816326
692	3	925.707	947.93	928.902	0.577	0.5444	0.5789	0.6667	15	211	0.471	0.897	6	-456.854	1228.09156164384	920.899780821918
709	1	1181.14	1188.548	1182.205	NA	NA	NA	NA	300	300	1	1	2	-588.57	1483.22108108108	1180.18054054054
709	2	1173.086	1187.901	1175.215	0.572	0.0066	0.0099	0	144	156	0.857	0.878	4	-582.543	1475.29008163265	1170.18804081633
709	3	1175.647	1197.87	1178.841	0.553	0.6954	0.7148	1	71	119	0.733	0.872	6	-581.824	1478.03156164384	1170.83978082192
723	1	1140.347	1147.754	1141.411	NA	NA	NA	NA	300	300	1	1	2	-568.173	1442.42708108108	1139.38654054054
723	2	1107.695	1122.51	1109.825	0.748	0	0	0	143	157	0.927	0.929	4	-549.848	1409.90008163265	1104.79804081633
723	3	1110.724	1132.946	1113.918	0.606	0.6127	0.6402	1	60	125	0.528	0.924	6	-549.362	1413.10756164384	1105.91578082192
741	1	1162.943	1170.351	1164.008	NA	NA	NA	NA	300	300	1	1	2	-579.472	1465.02508108108	1161.98454054054
741	2	1144.264	1159.079	1146.394	0.69	2e-04	3e-04	0	139	161	0.904	0.924	4	-568.132	1446.46808163265	1141.36604081633
741	3	1144.843	1167.066	1148.038	0.702	0.0879	0.1061	1	22	148	0.542	0.928	6	-566.422	1447.22756164384	1140.03578082192
760	1	1187.796	1195.203	1188.86	NA	NA	NA	NA	300	300	1	1	2	-591.898	1489.87708108108	1186.83654054054
760	2	1175.52	1190.336	1177.65	0.609	3e-04	5e-04	0	145	155	0.879	0.884	4	-583.76	1477.72408163265	1172.62204081633
760	3	1176.207	1198.43	1179.402	0.622	0.2228	0.2556	1	84	114	0.77	0.89	6	-582.104	1478.59156164384	1171.39978082192
780	1	1190.774	1198.182	1191.839	NA	NA	NA	NA	300	300	1	1	2	-593.387	1492.85508108108	1189.81454054054
780	2	1163.898	1178.713	1166.027	0.734	0	1e-04	0	137	163	0.914	0.933	4	-577.949	1466.10208163265	1161.00004081633
780	3	1158.754	1180.976	1161.948	0.743	0.007	0.0104	0	36	146	0.667	0.923	6	-573.377	1461.13756164384	1153.94578082192
814	1	1338.329	1345.737	1339.394	NA	NA	NA	NA	300	300	1	1	2	-667.165	1640.41108108108	1337.37054054054
814	2	1233.834	1248.649	1235.963	0.919	0	0	0	145	155	0.976	0.985	4	-612.917	1536.03808163265	1230.93604081633
814	3	1235.346	1257.569	1238.54	0.87	0.1244	0.1423	0.6667	7	154	0.382	0.988	6	-611.673	1537.72956164384	1230.53778082192
832	1	1301.496	1308.903	1302.561	NA	NA	NA	NA	300	300	1	1	2	-648.748	1603.57708108108	1300.53654054054
832	2	1202.471	1217.286	1204.6	0.92	0	0	0	150	150	0.979	0.983	4	-597.235	1504.67408163265	1199.57204081633
832	3	1204.973	1227.196	1208.167	0.894	0.2856	0.3063	1	4	149	0.318	0.981	6	-596.487	1507.35756164384	1200.16578082192
834	1	1345.831	1353.239	1346.896	NA	NA	NA	NA	300	300	1	1	2	-670.915	1647.91108108108	1344.87054054054
834	2	1224.163	1238.978	1226.293	0.936	0	0	0	149	151	0.979	0.988	4	-608.082	1526.36808163265	1221.26604081633
834	3	1227.655	1249.877	1230.849	0.738	0.7147	0.7337	0.6667	19	149	0.26	0.986	6	-607.827	1530.03756164384	1222.84578082192
853	1	1291.506	1298.913	1292.571	NA	NA	NA	NA	300	300	1	1	2	-643.753	1593.58708108108	1290.54654054054
853	2	1193.867	1208.683	1195.997	0.909	0	0	0	149	151	0.971	0.978	4	-592.934	1496.07208163265	1190.97004081633
853	3	1197.683	1219.906	1200.877	0.751	0.8623	0.8716	1	4	153	0.052	0.983	6	-592.842	1500.06756164384	1192.87578082192
871	1	1325.081	1332.489	1326.146	NA	NA	NA	NA	300	300	1	1	2	-660.541	1627.16308108108	1324.12254054054
871	2	1196.606	1211.421	1198.735	0.94	0	0	0	145	155	0.979	0.986	4	-594.303	1498.81008163265	1193.70804081633
871	3	1198.813	1221.035	1202.007	0.724	0.3502	0.379	0.6667	71	150	0.708	0.981	6	-593.406	1501.19556164384	1194.00378082192
891	1	1322.056	1329.464	1323.121	NA	NA	NA	NA	300	300	1	1	2	-659.028	1624.13708108108	1321.09654054054
891	2	1229.283	1244.098	1231.412	0.914	0	0	0	146	154	0.978	0.978	4	-610.641	1531.48608163265	1226.38404081633
891	3	1231.73	1253.952	1234.924	0.709	0.4105	0.4357	0.6667	54	144	0.632	0.982	6	-609.865	1534.11356164384	1226.92178082192
907	1	109.488	112.866	106.607	NA	NA	NA	NA	40	40	1	1	2	-52.744	152.154666666667	108.821333333333
907	2	111.876	118.631	106.114	0.577	0.5006	0.5513	0.5	16	24	0.841	0.903	4	-51.938	155.640705882353	109.758352941176
907	3	115.78	125.913	107.138	0.527	0.8929	0.8982	1	7	18	0.678	0.84	6	-51.89	161.28	112.53
927	1	94.049	97.427	91.169	NA	NA	NA	NA	40	40	1	1	2	-45.025	136.716666666667	93.3833333333333
927	2	96.982	103.737	91.22	0.528	0.4934	0.5313	0.5	8	32	0.61	0.953	4	-44.491	140.746705882353	94.8643529411765
927	3	96.445	106.579	87.803	0.856	0.2781	0.3289	1	7	17	0.909	0.981	6	-42.223	141.946	93.196
937	1	96.92	100.298	94.039	NA	NA	NA	NA	40	40	1	1	2	-46.46	139.586666666667	96.2533333333333
937	2	96.74	103.495	90.978	0.771	0.1106	0.1432	0.2	9	31	0.878	0.948	4	-44.37	140.504705882353	94.6223529411765
937	3	100.733	110.866	92.091	0.763	0.8363	0.8376	1	0	31	0	0.953	6	-44.367	146.234	97.484
954	1	98.376	101.754	95.495	NA	NA	NA	NA	40	40	1	1	2	-47.188	141.042666666667	97.7093333333333
954	2	99.237	105.992	93.475	0.643	0.2196	0.2658	0.2857	17	23	0.845	0.928	4	-45.618	143.000705882353	97.1183529411765
954	3	101.1	111.234	92.458	0.757	0.3853	0.4381	0.25	13	14	0.791	0.956	6	-44.55	146.6	97.85
972	1	107.397	110.775	104.517	NA	NA	NA	NA	40	40	1	1	2	-51.699	150.064666666667	106.731333333333
972	2	109.167	115.923	103.406	0.748	0.2341	0.272	0.3077	5	35	0.686	0.99	4	-50.584	152.932705882353	107.050352941176
972	3	110.54	120.673	101.898	0.753	0.5762	0.6101	0.6667	5	19	0.853	0.943	6	-49.27	156.04	107.29
988	1	107.224	110.601	104.343	NA	NA	NA	NA	40	40	1	1	2	-51.612	149.890666666667	106.557333333333
988	2	110.642	117.397	104.88	0.803	0.4534	0.4805	1	1	39	0.335	0.996	4	-51.321	154.406705882353	108.524352941176
988	3	114.411	124.544	105.768	0.58	0.9115	0.922	1	1	21	0.661	0.808	6	-51.205	159.91	111.16
990	1	112.499	115.876	109.618	NA	NA	NA	NA	40	40	1	1	2	-54.249	155.164666666667	111.831333333333
990	2	107.935	114.69	102.173	0.848	0.0184	0.0302	0.02	19	21	0.936	0.978	4	-49.967	151.698705882353	105.816352941176
990	3	110.572	120.705	101.929	0.785	0.4249	0.4679	1	8	18	0.791	0.966	6	-49.286	156.072	107.322
1025	1	150.049	153.427	147.169	NA	NA	NA	NA	40	40	1	1	2	-73.025	192.716666666667	149.383333333333
1025	2	123.632	130.388	117.871	0.975	0	1e-04	0	20	20	0.979	1	4	-57.816	167.396705882353	121.514352941176
1025	3	124.517	134.65	115.875	0.867	0.2385	0.2792	0.1538	9	20	0.872	0.998	6	-56.259	170.018	121.268
1049	1	139.203	142.581	136.322	NA	NA	NA	NA	40	40	1	1	2	-67.602	181.870666666667	138.537333333333
1049	2	128.567	135.323	122.806	0.956	0.1057	0.131	0	16	24	0.992	0.993	4	-60.284	172.332705882353	126.450352941176
1049	3	127.218	137.351	118.576	0.968	0.0238	0.0329	0	1	23	0.799	0.999	6	-57.609	172.718	123.968
1066	1	153.515	156.893	150.634	NA	NA	NA	NA	40	40	1	1	2	-74.758	196.182666666667	152.849333333333
1066	2	134.851	141.606	129.089	0.945	3e-04	8e-04	0	20	20	0.98	0.983	4	-63.425	178.614705882353	132.732352941176
1066	3	137.453	147.587	128.811	0.794	0.759	0.7773	1	8	19	0.734	0.987	6	-62.727	182.954	134.204
1083	1	148.312	151.69	145.431	NA	NA	NA	NA	40	40	1	1	2	-72.156	190.978666666667	147.645333333333
1083	2	142.665	149.421	136.904	0.863	0.0187	0.0312	0	20	20	0.963	0.966	4	-67.333	186.430705882353	140.548352941176
1083	3	146.003	156.136	137.361	0.772	0.5826	0.6106	1	3	19	0.486	0.964	6	-67.002	191.504	142.754
1088	1	158.063	161.441	155.182	NA	NA	NA	NA	40	40	1	1	2	-77.032	200.730666666667	157.397333333333
1088	2	147.882	154.638	142.121	0.908	0.0028	0.0057	0	20	20	0.963	0.993	4	-69.941	191.646705882353	145.764352941176
1088	3	151.444	161.577	142.802	0.771	0.9155	0.9238	1	6	17	0.601	0.948	6	-69.722	196.944	148.194
1102	1	174.889	178.267	172.009	NA	NA	NA	NA	40	40	1	1	2	-85.445	217.556666666667	174.223333333333
1102	2	129.634	136.39	123.873	1	0	0	0	20	20	1	1	4	-60.817	173.398705882353	127.516352941176
1102	3	133.457	143.59	124.815	0.734	0.8188	0.8282	1	7	20	0.546	1	6	-60.729	178.958	130.208
1114	1	177.129	180.507	174.249	NA	NA	NA	NA	40	40	1	1	2	-86.565	219.796666666667	176.463333333333
1114	2	147.239	153.994	141.477	0.998	0	0	0	20	20	1	1	4	-69.619	191.002705882353	145.120352941176
1114	3	150.097	160.23	141.454	0.819	0.4752	0.5123	1	9	20	0.802	1	6	-69.048	195.596	146.846
1126	1	175.758	179.136	172.877	NA	NA	NA	NA	40	40	1	1	2	-85.879	218.424666666667	175.091333333333
1126	2	142.658	149.413	136.896	0.999	0	0	0	20	20	1	1	4	-67.329	186.422705882353	140.540352941176
1126	3	144.201	154.334	135.558	0.875	0.4447	0.4803	0.5	7	20	0.839	1	6	-66.1	189.7	140.95
1130	1	169.92	173.298	167.039	NA	NA	NA	NA	40	40	1	1	2	-82.96	212.586666666667	169.253333333333
1130	2	145.835	152.591	140.074	0.963	0.0023	0.0045	0	19	21	0.975	0.995	4	-68.918	189.600705882353	143.718352941176
1130	3	148.599	158.733	139.957	0.928	0.5142	0.5354	1	2	20	0.717	0.995	6	-68.3	194.1	145.35
1151	1	178.989	182.366	176.108	NA	NA	NA	NA	40	40	1	1	2	-87.494	221.654666666667	178.321333333333
1151	2	149.315	156.07	143.553	0.999	0.0019	0.0037	0	20	20	1	1	4	-70.657	193.078705882353	147.196352941176
1151	3	148.895	159.028	140.252	0.922	0.1733	0.2068	0.0667	3	20	0.724	1	6	-68.447	194.394	145.644
1185	1	172.598	175.976	169.717	NA	NA	NA	NA	40	40	1	1	2	-84.299	215.264666666667	171.931333333333
1185	2	143.816	150.572	138.055	0.981	0	1e-04	0	20	20	0.992	0.999	4	-67.908	187.580705882353	141.698352941176
1185	3	146.623	156.757	137.981	0.897	0.6774	0.7023	1	2	20	0.518	0.999	6	-67.312	192.124	143.374
1202	1	241.338	246.548	240.232	NA	NA	NA	NA	100	100	1	1	2	-118.669	343.588	240.463
1202	2	243.306	253.726	241.093	0.715	0.2102	0.2383	0.6667	9	91	0.557	0.972	4	-117.653	345.94429787234	240.62514893617
1202	3	244.034	259.665	240.716	0.734	0.2589	0.3002	0.25	13	71	0.695	0.944	6	-116.017	347.251391304348	239.642695652174
1224	1	253.748	258.958	252.642	NA	NA	NA	NA	100	100	1	1	2	-124.874	355.998	252.873
1224	2	253.767	264.188	251.555	0.638	0.1112	0.1381	0.2143	18	82	0.679	0.951	4	-122.884	356.40629787234	251.08714893617
1224	3	257.639	273.27	254.32	0.473	0.9492	0.9534	0.6667	11	50	0.662	0.823	6	-122.819	360.855391304348	253.246695652174
1244	1	246.416	251.626	245.31	NA	NA	NA	NA	100	100	1	1	2	-121.208	348.666	245.541
1244	2	248.808	259.229	246.596	0.433	0.4006	0.4404	0.6667	41	59	0.777	0.847	4	-120.404	351.44629787234	246.12714893617
1244	3	250.875	266.506	247.556	0.658	0.4746	0.5157	0.4286	18	53	0.819	0.871	6	-119.437	354.091391304348	246.482695652174
1255	1	254.814	260.025	253.708	NA	NA	NA	NA	100	100	1	1	2	-125.407	357.064	253.939
1255	2	258.112	268.533	255.9	0.406	0.64	0.6684	1	27	73	0.633	0.89	4	-125.056	360.75029787234	255.43114893617
1255	3	260.273	275.904	256.954	0.676	0.6013	0.6329	1	11	67	0.657	0.923	6	-124.136	363.489391304348	255.880695652174
1258	1	262.722	267.932	261.615	NA	NA	NA	NA	100	100	1	1	2	-129.361	364.972	261.847
1258	2	265.367	275.788	263.155	0.453	0.6617	0.695	0.6667	47	53	0.816	0.836	4	-128.684	368.00629787234	262.68714893617
1258	3	268.577	284.208	265.259	0.678	0.3639	0.385	0.4286	2	52	0.641	0.864	6	-128.289	371.795391304348	264.186695652174
1274	1	273.757	278.967	272.651	NA	NA	NA	NA	100	100	1	1	2	-134.878	376.006	272.881
1274	2	272.54	282.961	270.328	0.685	0.0486	0.0652	0.0779	15	85	0.653	0.973	4	-132.27	375.17829787234	269.85914893617
1274	3	276.225	291.856	272.907	0.573	0.8597	0.8713	0.6667	12	74	0.453	0.933	6	-132.113	379.443391304348	271.834695652174
1292	1	242.303	247.513	241.197	NA	NA	NA	NA	100	100	1	1	2	-119.152	344.554	241.429
1292	2	244.969	255.389	242.756	0.673	0.3553	0.3847	0.6667	7	93	0.437	0.982	4	-118.484	347.60629787234	242.28714893617
1292	3	246.796	262.427	243.477	0.689	0.3404	0.3777	0.5	11	72	0.672	0.925	6	-117.398	350.013391304348	242.404695652174
1306	1	372.066	377.276	370.959	NA	NA	NA	NA	100	100	1	1	2	-184.033	474.316	371.191
1306	2	344.1	354.521	341.888	0.922	4e-04	8e-04	0	49	51	0.98	0.986	4	-168.05	446.73829787234	341.41914893617
1306	3	341.502	357.133	338.183	0.914	0.0113	0.0164	0.04	5	48	0.747	0.989	6	-164.751	444.719391304348	337.110695652174
1335	1	369.476	374.687	368.37	NA	NA	NA	NA	100	100	1	1	2	-182.738	471.726	368.601
1335	2	345.858	356.279	343.646	0.861	1e-04	1e-04	0	49	51	0.96	0.965	4	-168.929	448.49629787234	343.17714893617
1335	3	344.503	360.134	341.184	0.791	0.1875	0.2184	0.0505	27	46	0.827	0.971	6	-166.251	447.719391304348	340.110695652174
1377	1	366.258	371.468	365.152	NA	NA	NA	NA	100	100	1	1	2	-181.129	468.508	365.383
1377	2	330.894	341.315	328.682	0.933	0	1e-04	0	46	54	0.979	0.986	4	-161.447	433.53229787234	328.21314893617
1377	3	331.72	347.351	328.402	0.92	0.1074	0.1276	0.1714	2	52	0.538	0.987	6	-159.86	434.937391304348	327.328695652174
1394	1	381.867	387.078	380.761	NA	NA	NA	NA	100	100	1	1	2	-188.934	484.118	380.993
1394	2	330.557	340.977	328.344	0.957	0	0	0	48	52	0.98	0.997	4	-161.278	433.19429787234	327.87514893617
1394	3	328.163	343.794	324.844	0.842	0.0337	0.047	0.0882	18	47	0.78	0.989	6	-158.081	431.379391304348	323.770695652174
1423	1	438.099	443.309	436.993	NA	NA	NA	NA	100	100	1	1	2	-217.049	540.348	437.223
1423	2	367.507	377.928	365.295	0.987	0	0	0	49	51	0.995	0.999	4	-179.754	470.14629787234	364.82714893617
1423	3	371.372	387.003	368.054	0.719	0.8162	0.8259	1	13	51	0.419	0.999	6	-179.686	474.589391304348	366.980695652174
1443	1	434.512	439.722	433.405	NA	NA	NA	NA	100	100	1	1	2	-215.256	536.762	433.637
1443	2	347.101	357.522	344.889	0.994	0	0	0	49	51	0.999	1	4	-169.551	449.74029787234	344.42114893617
1443	3	349.263	364.894	345.945	0.892	0.2778	0.308	0.3333	5	51	0.52	1	6	-168.632	452.481391304348	344.872695652174
1463	1	435.051	440.262	433.945	NA	NA	NA	NA	100	100	1	1	2	-215.526	537.302	434.177
1463	2	336.525	346.946	334.313	0.998	0	0	0	50	50	0.999	1	4	-164.262	439.16229787234	333.84314893617
1463	3	337.33	352.961	334.012	0.942	0.1056	0.1274	0.25	5	50	0.799	1	6	-162.665	440.547391304348	332.938695652174
1481	1	434.519	439.729	433.413	NA	NA	NA	NA	100	100	1	1	2	-215.259	536.768	433.643
1481	2	346.075	356.496	343.863	0.999	0	0	0	50	50	1	1	4	-169.038	448.71429787234	343.39514893617
1481	3	345.446	361.077	342.128	0.89	0.1504	0.1779	0.1176	7	50	0.619	1	6	-166.723	448.663391304348	341.054695652174
1498	1	430.162	435.372	429.055	NA	NA	NA	NA	100	100	1	1	2	-213.081	532.412	429.287
1498	2	367.925	378.346	365.713	0.985	0	0	0	50	50	0.99	0.999	4	-179.963	470.56429787234	365.24514893617
1498	3	369.553	385.184	366.235	0.806	0.2585	0.2903	0.2857	15	49	0.669	0.995	6	-178.777	472.771391304348	365.162695652174
1517	1	808.707	816.114	809.771	NA	NA	NA	NA	300	300	1	1	2	-402.353	1110.78708108108	807.746540540541
1517	2	806.996	821.811	809.126	0.601	0.06	0.0745	0.0619	31	269	0.46	0.967	4	-399.498	1109.20008163265	804.098040816326
1517	3	809.941	832.164	813.135	0.551	0.4702	0.4938	1	12	159	0.562	0.824	6	-398.97	1112.32356164384	805.131780821918
1540	1	771.602	779.01	772.667	NA	NA	NA	NA	300	300	1	1	2	-383.801	1073.68308108108	770.64254054054
1540	2	770.424	785.239	772.553	0.466	0.1641	0.1864	1	72	228	0.623	0.919	4	-381.212	1072.62808163265	767.526040816326
1540	3	769.882	792.104	773.076	0.645	0.0699	0.0858	0.25	21	147	0.69	0.853	6	-378.941	1072.26556164384	765.073780821918
1549	1	781.272	788.679	782.336	NA	NA	NA	NA	300	300	1	1	2	-388.636	1083.35308108108	780.312540540541
1549	2	780.965	795.78	783.094	0.714	0.0498	0.0621	1	14	286	0.361	0.987	4	-386.482	1083.16808163265	778.066040816327
1549	3	782.355	804.578	785.55	0.604	0.366	0.404	1	14	183	0.624	0.878	6	-385.178	1084.73956164384	777.547780821918
1564	1	783.052	790.459	784.116	NA	NA	NA	NA	300	300	1	1	2	-389.526	1085.13308108108	782.092540540541
1564	2	780.774	795.589	782.904	0.498	0.2092	0.2342	0.0128	90	210	0.729	0.901	4	-386.387	1082.97808163265	777.876040816327
1564	3	781.575	803.798	784.769	0.651	0.2082	0.2277	1	14	160	0.64	0.88	6	-384.788	1083.95956164384	776.767780821918
1588	1	809.958	817.366	811.023	NA	NA	NA	NA	300	300	1	1	2	-402.979	1112.03908108108	808.99854054054
1588	2	811.868	826.683	813.998	0.393	0.7315	0.7479	1	132	168	0.78	0.829	4	-401.934	1114.07208163265	808.970040816327
1588	3	806.245	828.468	809.44	0.732	0.0122	0.0164	0.0128	7	156	0.667	0.886	6	-397.123	1108.62956164384	801.437780821918
1614	1	1101.467	1108.875	1102.532	NA	NA	NA	NA	300	300	1	1	2	-548.734	1403.54908108108	1100.50854054054
1614	2	1014.517	1029.332	1016.647	0.889	0	0	0	142	158	0.966	0.974	4	-503.259	1316.72208163265	1011.62004081633
1614	3	1012.392	1034.615	1015.586	0.741	0.04	0.0522	0.05	74	133	0.748	0.971	6	-500.196	1314.77556164384	1007.58378082192
1645	1	1141.825	1149.232	1142.89	NA	NA	NA	NA	300	300	1	1	2	-568.912	1443.90508108108	1140.86454054054
1645	2	1003.785	1018.6	1005.915	0.939	0	0	0	145	155	0.976	0.989	4	-497.893	1305.99008163265	1000.88804081633
1645	3	996.355	1018.578	999.549	0.857	0.0241	0.0319	0	22	145	0.635	0.989	6	-492.178	1298.73956164384	991.547780821918
1666	1	1128.715	1136.123	1129.78	NA	NA	NA	NA	300	300	1	1	2	-562.358	1430.79708108108	1127.75654054054
1666	2	1019.551	1034.366	1021.68	0.929	0	0	0	140	160	0.971	0.994	4	-505.775	1321.75408163265	1016.65204081633
1666	3	1004.966	1027.189	1008.16	0.829	0.1109	0.1262	0	46	140	0.761	0.994	6	-496.483	1307.34956164384	1000.15778082192
1680	1	1104.576	1111.983	1105.64	NA	NA	NA	NA	300	300	1	1	2	-550.288	1406.65708108108	1103.61654054054
1680	2	978.438	993.253	980.567	0.941	0	0	0	144	156	0.986	0.987	4	-485.219	1280.64208163265	975.540040816326
1680	3	981.325	1003.548	984.519	0.687	0.5121	0.5408	0.6667	77	143	0.675	0.989	6	-484.663	1283.70956164384	976.517780821918
1698	1	1122.985	1130.392	1124.049	NA	NA	NA	NA	300	300	1	1	2	-559.492	1425.06508108108	1122.02454054054
1698	2	1039.525	1054.34	1041.655	0.9	0	0	0	143	157	0.973	0.973	4	-515.763	1341.73008163265	1036.62804081633
1698	3	1030.162	1052.384	1033.356	0.856	6e-04	0.0011	0	19	142	0.625	0.978	6	-509.081	1332.54556164384	1025.35378082192
1708	1	1281.218	1288.626	1282.283	NA	NA	NA	NA	300	300	1	1	2	-638.609	1583.29908108108	1280.25854054054
1708	2	1047.338	1062.153	1049.467	0.987	0	0	0	148	152	0.997	0.998	4	-519.669	1349.54208163265	1044.44004081633
1708	3	1050.382	1072.605	1053.576	0.928	0.4866	0.5124	0.6667	4	152	0.251	0.999	6	-519.191	1352.76556164384	1045.57378082192
1726	1	1297.631	1305.039	1298.696	NA	NA	NA	NA	300	300	1	1	2	-646.815	1599.71108108108	1296.67054054054
1726	2	1031.382	1046.197	1033.511	0.991	0	0	0	150	150	0.996	1	4	-511.691	1333.58608163265	1028.48404081633
1726	3	1024.574	1046.796	1027.768	0.877	0.0113	0.0153	0	24	150	0.624	1	6	-506.287	1326.95756164384	1019.76578082192
1745	1	1293.271	1300.679	1294.336	NA	NA	NA	NA	300	300	1	1	2	-644.636	1595.35308108108	1292.31254054054
1745	2	1042.174	1056.989	1044.304	0.987	0	0	0	148	152	0.995	0.997	4	-517.087	1344.37808163265	1039.27604081633
1745	3	1040.786	1063.009	1043.98	0.877	0.0349	0.0448	0.0952	16	151	0.486	0.998	6	-514.393	1343.16956164384	1035.97778082192
1769	1	1297.352	1304.759	1298.416	NA	NA	NA	NA	300	300	1	1	2	-646.676	1599.43308108108	1296.39254054054
1769	2	1072.142	1086.957	1074.271	0.984	0	0	0	146	154	0.995	0.996	4	-532.071	1374.34608163265	1069.24404081633
1769	3	1074.229	1096.452	1077.423	0.931	0.1761	0.1967	0.5	3	151	0.286	0.996	6	-531.114	1376.61156164384	1069.41978082192
1782	1	1297.028	1304.436	1298.093	NA	NA	NA	NA	300	300	1	1	2	-646.514	1599.10908108108	1296.06854054054
1782	2	1072.588	1087.404	1074.718	0.991	0	0	0	150	150	0.997	0.999	4	-532.294	1374.79208163265	1069.69004081633
1782	3	1070.952	1093.174	1074.146	0.822	0.0373	0.0482	0.1071	29	150	0.546	1	6	-529.476	1373.33556164384	1066.14378082192
1811	1	119.846	123.224	116.965	NA	NA	NA	NA	40	40	1	1	2	-57.923	162.512666666667	119.179333333333
1811	2	122.158	128.913	116.396	0.631	0.5237	0.5701	0.5	16	24	0.899	0.921	4	-57.079	165.922705882353	120.040352941176
1811	3	123.66	133.793	115.017	0.905	0.6117	0.6419	0.2083	9	16	0.946	0.999	6	-55.83	169.16	120.41
1827	1	119.252	122.63	116.371	NA	NA	NA	NA	40	40	1	1	2	-57.626	161.918666666667	118.585333333333
1827	2	116.926	123.682	111.165	0.845	0.0279	0.0419	0.0652	6	34	0.856	0.99	4	-54.463	160.690705882353	114.808352941176
1827	3	119.893	130.027	111.251	0.841	0.7424	0.7695	0.6667	6	25	0.86	0.992	6	-53.947	165.394	116.644
1853	1	129.445	132.823	126.564	NA	NA	NA	NA	40	40	1	1	2	-62.723	172.112666666667	128.779333333333
1853	2	127.688	134.443	121.926	0.748	0.0851	0.1152	0.1395	18	22	0.866	0.985	4	-59.844	171.452705882353	125.570352941176
1853	3	130.833	140.966	122.191	0.776	0.2742	0.2986	0.4286	8	22	0.793	0.98	6	-59.417	176.334	127.584
1876	1	130.902	134.28	128.022	NA	NA	NA	NA	40	40	1	1	2	-63.451	173.568666666667	130.235333333333
1876	2	128.318	135.074	122.557	0.826	0.0406	0.0601	0.05	12	28	0.936	0.979	4	-60.159	172.082705882353	126.200352941176
1876	3	130.227	140.36	121.584	0.854	0.5956	0.6328	1	11	17	0.882	0.999	6	-59.113	175.726	126.976
1909	1	139.194	142.571	136.313	NA	NA	NA	NA	40	40	1	1	2	-67.597	181.860666666667	138.527333333333
1909	2	127.532	134.288	121.77	0.91	7e-04	0.0019	0	18	22	0.945	0.999	4	-59.766	171.296705882353	125.414352941176
1909	3	131.279	141.413	122.637	0.846	0.5467	0.58	1	4	18	0.778	0.979	6	-59.64	176.78	128.03
1926	1	125.449	128.826	122.568	NA	NA	NA	NA	40	40	1	1	2	-60.724	168.114666666667	124.781333333333
1926	2	125.33	132.086	119.569	0.774	0.1587	0.1964	0.2	12	28	0.939	0.95	4	-58.665	169.094705882353	123.212352941176
1926	3	125.808	135.941	117.166	0.896	0.6105	0.6479	0.1765	12	15	0.932	1	6	-56.904	171.308	122.558
1941	1	125.449	128.826	122.568	NA	NA	NA	NA	40	40	1	1	2	-60.724	168.114666666667	124.781333333333
1941	2	125.33	132.086	119.569	0.774	0.1587	0.1964	0.2	12	28	0.939	0.95	4	-58.665	169.094705882353	123.212352941176
1941	3	125.808	135.941	117.166	0.896	0.6105	0.6479	0.1765	12	15	0.932	1	6	-56.904	171.308	122.558
1952	1	130.956	134.334	128.075	NA	NA	NA	NA	40	40	1	1	2	-63.478	173.622666666667	130.289333333333
1952	2	130.483	137.239	124.722	0.755	0.1653	0.2081	0.2	17	23	0.922	0.968	4	-61.242	174.248705882353	128.366352941176
1952	3	132.702	142.835	124.059	0.809	0.3386	0.378	0.5	11	17	0.845	0.996	6	-60.351	178.202	129.452
1972	1	125.449	128.826	122.568	NA	NA	NA	NA	40	40	1	1	2	-60.724	168.114666666667	124.781333333333
1972	2	125.33	132.086	119.569	0.774	0.1587	0.1964	0.2	12	28	0.939	0.95	4	-58.665	169.094705882353	123.212352941176
1972	3	125.808	135.941	117.166	0.896	0.6105	0.6479	0.1765	12	15	0.932	1	6	-56.904	171.308	122.558
1990	1	147.145	150.523	144.264	NA	NA	NA	NA	40	40	1	1	2	-71.572	189.810666666667	146.477333333333
1990	2	142.027	148.782	136.265	0.787	0.0266	0.0407	0.0128	17	23	0.834	0.994	4	-67.013	185.790705882353	139.908352941176
1990	3	141.851	151.984	133.208	0.837	0.0525	0.0676	0.2	7	17	0.777	0.993	6	-64.925	187.35	138.6
2018	1	118.478	121.856	115.598	NA	NA	NA	NA	40	40	1	1	2	-57.239	161.144666666667	117.811333333333
2018	2	122.043	128.798	116.281	0.406	0.7345	0.7586	1	9	31	0.565	0.94	4	-57.021	165.806705882353	119.924352941176
2018	3	123.179	133.312	114.537	0.924	0.745	0.7744	0.2857	9	16	0.957	0.997	6	-55.59	168.68	119.93
2033	1	147.654	151.032	144.773	NA	NA	NA	NA	40	40	1	1	2	-71.827	190.320666666667	146.987333333333
2033	2	144.964	151.72	139.203	0.719	0.0639	0.0883	0.05	15	25	0.792	0.99	4	-68.482	188.728705882353	142.846352941176
2033	3	140.943	151.076	132.3	0.856	0.0259	0.0362	0.02	9	16	0.806	0.998	6	-64.471	186.442	137.692
2076	1	139.194	142.571	136.313	NA	NA	NA	NA	40	40	1	1	2	-67.597	181.860666666667	138.527333333333
2076	2	127.532	134.288	121.77	0.91	7e-04	0.0019	0	18	22	0.945	0.999	4	-59.766	171.296705882353	125.414352941176
2076	3	131.279	141.413	122.637	0.846	0.5467	0.58	1	4	18	0.778	0.979	6	-59.64	176.78	128.03
2094	1	147.145	150.523	144.264	NA	NA	NA	NA	40	40	1	1	2	-71.572	189.810666666667	146.477333333333
2094	2	142.027	148.782	136.265	0.787	0.0266	0.0407	0.0128	17	23	0.834	0.994	4	-67.013	185.790705882353	139.908352941176
2094	3	141.851	151.984	133.208	0.837	0.0525	0.0676	0.2	7	17	0.777	0.993	6	-64.925	187.35	138.6
2129	1	271.241	276.452	270.135	NA	NA	NA	NA	100	100	1	1	2	-133.621	373.492	270.367
2129	2	267.112	277.533	264.9	0.818	0.0053	0.0086	0.0303	13	87	0.859	0.969	4	-129.556	369.75029787234	264.43114893617
2129	3	260.169	275.8	256.85	0.958	0.4781	0.5107	0	13	53	0.977	1	6	-124.084	363.385391304348	255.776695652174
2163	1	294.32	299.53	293.213	NA	NA	NA	NA	100	100	1	1	2	-145.16	396.57	293.445
2163	2	298.008	308.429	295.796	0.263	0.8012	0.8181	1	31	69	0.569	0.887	4	-145.004	400.64629787234	295.32714893617
2163	3	294.487	310.118	291.169	0.907	0.4555	0.4895	0.0404	28	41	0.946	0.998	6	-141.244	397.705391304348	290.096695652174
2188	1	298.215	303.425	297.109	NA	NA	NA	NA	100	100	1	1	2	-147.107	400.464	297.339
2188	2	299.973	310.394	297.761	0.471	0.3103	0.3516	0.6667	33	67	0.658	0.957	4	-145.987	402.61229787234	297.29314893617
2188	3	297.318	312.949	294	0.922	0.4873	0.5165	0.0505	33	34	0.955	0.997	6	-142.659	400.535391304348	292.926695652174
2224	1	297.355	302.565	296.249	NA	NA	NA	NA	100	100	1	1	2	-146.678	399.606	296.481
2224	2	296.966	307.387	294.754	0.599	0.1255	0.1563	0.1333	37	63	0.819	0.953	4	-144.483	399.60429787234	294.28514893617
2224	3	293.594	309.225	290.276	0.932	0.4307	0.4588	0.0404	30	37	0.962	0.999	6	-140.797	396.811391304348	289.202695652174
2253	1	296.735	301.946	295.629	NA	NA	NA	NA	100	100	1	1	2	-146.368	398.986	295.861
2253	2	296.651	307.071	294.438	0.566	0.1269	0.1579	0.2143	30	70	0.717	0.968	4	-144.325	399.28829787234	293.96914893617
2253	3	292.515	308.146	289.196	0.94	0.4588	0.487	0	30	38	0.967	0.998	6	-140.257	395.731391304348	288.122695652174
2265	1	324.05	329.261	322.944	NA	NA	NA	NA	100	100	1	1	2	-160.025	426.3	323.175
2265	2	322.745	333.166	320.533	0.65	0.0338	0.0466	0.0779	23	77	0.78	0.955	4	-157.373	425.38429787234	320.06514893617
2265	3	316.803	332.434	313.484	0.803	0.0084	0.013	0	23	44	0.8	0.996	6	-152.401	420.019391304348	312.410695652174
2299	1	252.96	258.17	251.853	NA	NA	NA	NA	100	100	1	1	2	-124.48	355.21	252.085
2299	2	256.637	267.058	254.425	0.858	0.5694	0.5878	1	2	98	0.341	0.991	4	-124.319	359.27629787234	253.95714893617
2299	3	234.548	250.179	231.229	0.992	0.37	0.3984	0	14	48	0.997	1	6	-111.274	337.765391304348	230.156695652174
2306	1	297.355	302.565	296.249	NA	NA	NA	NA	100	100	1	1	2	-146.678	399.606	296.481
2306	2	296.966	307.387	294.754	0.599	0.1255	0.1563	0.1333	37	63	0.819	0.953	4	-144.483	399.60429787234	294.28514893617
2306	3	293.594	309.225	290.276	0.932	0.4307	0.4588	0.0404	30	37	0.962	0.999	6	-140.797	396.811391304348	289.202695652174
2334	1	297.355	302.565	296.249	NA	NA	NA	NA	100	100	1	1	2	-146.678	399.606	296.481
2334	2	296.966	307.387	294.754	0.599	0.1255	0.1563	0.1333	37	63	0.819	0.953	4	-144.483	399.60429787234	294.28514893617
2334	3	293.594	309.225	290.276	0.932	0.4307	0.4588	0.0404	30	37	0.962	0.999	6	-140.797	396.811391304348	289.202695652174
2372	1	297.355	302.565	296.249	NA	NA	NA	NA	100	100	1	1	2	-146.678	399.606	296.481
2372	2	296.966	307.387	294.754	0.599	0.1255	0.1563	0.1333	37	63	0.819	0.953	4	-144.483	399.60429787234	294.28514893617
2372	3	293.594	309.225	290.276	0.932	0.4307	0.4588	0.0404	30	37	0.962	0.999	6	-140.797	396.811391304348	289.202695652174
2410	1	809.822	817.229	810.886	NA	NA	NA	NA	300	300	1	1	2	-402.911	1111.90308108108	808.862540540541
2410	2	808.544	823.36	810.674	0.443	0.0706	0.0887	1	102	198	0.653	0.954	4	-400.272	1110.74808163265	805.646040816326
2410	3	726.262	748.485	729.456	0.994	0.1084	0.1241	0	83	115	0.998	1	6	-357.131	1028.64556164384	721.453780821918
2421	1	815.231	822.639	816.296	NA	NA	NA	NA	300	300	1	1	2	-405.616	1117.31308108108	814.27254054054
2421	2	819.047	833.862	821.176	0.176	0.8362	0.847	1	88	212	0.502	0.855	4	-405.523	1121.25008163265	816.148040816327
2421	3	768.937	791.16	772.132	0.98	0.1188	0.1358	0	79	133	0.993	1	6	-378.469	1071.32156164384	764.129780821918
2434	1	856.358	863.766	857.423	NA	NA	NA	NA	300	300	1	1	2	-426.179	1158.43908108108	855.39854054054
2434	2	848.824	863.639	850.953	0.56	0.0026	0.0043	0	96	204	0.733	0.966	4	-420.412	1151.02808163265	845.926040816326
2434	3	807.652	829.875	810.846	0.974	0.1239	0.1407	0	96	103	0.988	0.999	6	-397.826	1110.03556164384	802.843780821918
2452	1	962.236	969.644	963.301	NA	NA	NA	NA	300	300	1	1	2	-479.118	1264.31708108108	961.276540540541
2452	2	900.135	914.95	902.265	0.815	0	0	0	130	170	0.868	0.996	4	-446.068	1202.34008163265	897.238040816326
2452	3	898.018	920.241	901.212	0.847	0.1707	0.1894	0.051	50	130	0.864	0.984	6	-443.009	1200.40156164384	893.209780821918
2493	1	815.231	822.639	816.296	NA	NA	NA	NA	300	300	1	1	2	-405.616	1117.31308108108	814.27254054054
2493	2	819.047	833.862	821.176	0.176	0.8362	0.847	1	88	212	0.502	0.855	4	-405.523	1121.25008163265	816.148040816327
2493	3	768.937	791.16	772.132	0.98	0.1188	0.1358	0	79	133	0.993	1	6	-378.469	1071.32156164384	764.129780821918
2510	1	962.236	969.644	963.301	NA	NA	NA	NA	300	300	1	1	2	-479.118	1264.31708108108	961.276540540541
2510	2	900.135	914.95	902.265	0.815	0	0	0	130	170	0.868	0.996	4	-446.068	1202.34008163265	897.238040816326
2510	3	898.018	920.241	901.212	0.847	0.1707	0.1894	0.051	50	130	0.864	0.984	6	-443.009	1200.40156164384	893.209780821918
2546	1	824.362	831.769	825.427	NA	NA	NA	NA	300	300	1	1	2	-410.181	1126.44308108108	823.40254054054
2546	2	823.08	837.895	825.209	0.445	0.0869	0.1053	1	56	244	0.466	0.98	4	-407.54	1125.28408163265	820.182040816327
2546	3	793.229	815.452	796.424	0.961	0.1356	0.1527	0	56	138	0.981	0.999	6	-390.615	1095.61356164384	788.421780821918
2559	1	862.279	869.687	863.344	NA	NA	NA	NA	300	300	1	1	2	-429.14	1164.36108108108	861.32054054054
2559	2	863.94	878.755	866.069	0.378	0.2013	0.2276	1	72	228	0.576	0.923	4	-427.97	1166.14408163265	861.042040816327
2559	3	844.337	866.56	847.531	0.93	0.1719	0.1923	0	72	117	0.962	0.998	6	-416.169	1146.72156164384	839.529780821918
2561	1	962.236	969.644	963.301	NA	NA	NA	NA	300	300	1	1	2	-479.118	1264.31708108108	961.276540540541
2561	2	900.135	914.95	902.265	0.815	0	0	0	130	170	0.868	0.996	4	-446.068	1202.34008163265	897.238040816326
2561	3	898.018	920.241	901.212	0.847	0.1707	0.1894	0.051	50	130	0.864	0.984	6	-443.009	1200.40156164384	893.209780821918
2596	1	962.236	969.644	963.301	NA	NA	NA	NA	300	300	1	1	2	-479.118	1264.31708108108	961.276540540541
2596	2	900.135	914.95	902.265	0.815	0	0	0	130	170	0.868	0.996	4	-446.068	1202.34008163265	897.238040816326
2596	3	898.018	920.241	901.212	0.847	0.1707	0.1894	0.051	50	130	0.864	0.984	6	-443.009	1200.40156164384	893.209780821918
2634	1	962.236	969.644	963.301	NA	NA	NA	NA	300	300	1	1	2	-479.118	1264.31708108108	961.276540540541
2634	2	900.135	914.95	902.265	0.815	0	0	0	130	170	0.868	0.996	4	-446.068	1202.34008163265	897.238040816326
2634	3	898.018	920.241	901.212	0.847	0.1707	0.1894	0.051	50	130	0.864	0.984	6	-443.009	1200.40156164384	893.209780821918
2669	1	949.651	957.058	950.715	NA	NA	NA	NA	300	300	1	1	2	-472.825	1251.73108108108	948.69054054054
2669	2	918.215	933.03	920.345	0.732	0	0	0	130	170	0.867	0.982	4	-455.108	1220.42008163265	915.318040816327
2669	3	914.46	936.683	917.654	0.814	0.07	0.0828	0.0128	70	130	0.852	0.99	6	-451.23	1216.84356164384	909.651780821918
2698	1	949.651	957.058	950.715	NA	NA	NA	NA	300	300	1	1	2	-472.825	1251.73108108108	948.69054054054
2698	2	918.215	933.03	920.345	0.732	0	0	0	130	170	0.867	0.982	4	-455.108	1220.42008163265	915.318040816327
2698	3	914.46	936.683	917.654	0.814	0.07	0.0828	0.0128	70	130	0.852	0.99	6	-451.23	1216.84356164384	909.651780821918
