5	1	125.512	128.89	122.632	NA	NA	NA	NA	40	40	1	1	2	-60.756	168.178666666667	124.845333333333
5	2	124.394	131.149	118.632	0.772	0.0821	0.113	0.2	19	21	0.93	0.959	4	-58.197	168.158705882353	122.276352941176
5	3	128.3	138.433	119.658	0.614	0.8745	0.8816	1	7	21	0.606	0.979	6	-58.15	173.8	125.05
31	1	110.731	114.109	107.85	NA	NA	NA	NA	40	40	1	1	2	-53.365	153.396666666667	110.063333333333
31	2	109.911	116.666	104.149	0.737	0.1171	0.1521	0.2	16	24	0.909	0.94	4	-50.955	153.674705882353	107.792352941176
31	3	113.671	123.805	105.029	0.685	0.7481	0.7617	0.5	2	25	0.37	0.928	6	-50.836	159.172	110.422
51	1	124.469	127.846	121.588	NA	NA	NA	NA	40	40	1	1	2	-60.234	167.134666666667	123.801333333333
51	2	126.324	133.079	120.562	0.684	0.5597	0.6065	0.3077	17	23	0.907	0.925	4	-59.162	170.088705882353	124.206352941176
51	3	129.859	139.993	121.217	0.764	0.7116	0.7232	1	2	23	0.553	0.926	6	-58.93	175.36	126.61
65	1	114.801	118.179	111.921	NA	NA	NA	NA	40	40	1	1	2	-55.401	157.468666666667	114.135333333333
65	2	117.619	124.375	111.858	0.555	0.4507	0.488	0.5	6	34	0.541	0.973	4	-54.81	161.384705882353	115.502352941176
65	3	113.478	123.612	104.836	0.933	0.1506	0.1889	0	6	18	0.969	0.989	6	-50.739	158.978	110.228
95	1	117.084	120.462	114.204	NA	NA	NA	NA	40	40	1	1	2	-56.542	159.750666666667	116.417333333333
95	2	120.241	126.997	114.48	0.724	0.4524	0.4828	1	2	38	0.392	0.991	4	-56.121	164.006705882353	118.124352941176
95	3	123.138	133.272	114.496	0.765	0.8608	0.875	1	4	30	0.722	0.962	6	-55.569	168.638	119.888
106	1	159.384	162.762	156.503	NA	NA	NA	NA	40	40	1	1	2	-77.692	202.050666666667	158.717333333333
106	2	151.74	158.495	145.978	0.867	0.0066	0.0124	0	19	21	0.95	0.966	4	-71.87	195.504705882353	149.622352941176
106	3	154.838	164.971	146.196	0.79	0.6028	0.6384	1	6	17	0.666	0.966	6	-71.419	200.338	151.588
120	1	157.105	160.483	154.224	NA	NA	NA	NA	40	40	1	1	2	-76.553	199.772666666667	156.439333333333
120	2	160.264	167.019	154.502	0.505	0.7112	0.7445	1	14	26	0.771	0.897	4	-76.132	204.028705882353	158.146352941176
120	3	164.213	174.347	155.571	0.517	0.9526	0.9545	1	3	25	0.363	0.868	6	-76.107	209.714	160.964
132	1	158.49	161.867	155.609	NA	NA	NA	NA	40	40	1	1	2	-77.245	201.156666666667	157.823333333333
132	2	161.636	168.391	155.874	0.508	0.7336	0.7606	1	12	28	0.732	0.915	4	-76.818	205.400705882353	159.518352941176
132	3	165.093	175.226	156.451	0.693	0.4012	0.42	1	1	23	0.62	0.906	6	-76.546	210.592	161.842
139	1	159.25	162.628	156.369	NA	NA	NA	NA	40	40	1	1	2	-77.625	201.916666666667	158.583333333333
139	2	159.412	166.168	153.651	0.716	0.1773	0.2212	0.2	17	23	0.883	0.954	4	-75.706	203.176705882353	157.294352941176
139	3	157.981	168.114	149.338	0.885	0.1404	0.1757	0.0789	8	16	0.923	0.987	6	-72.99	203.48	154.73
166	1	159.992	163.369	157.111	NA	NA	NA	NA	40	40	1	1	2	-77.996	202.658666666667	159.325333333333
166	2	162.476	169.231	156.714	0.79	0.2276	0.262	0.5	3	37	0.613	0.985	4	-77.238	206.240705882353	160.358352941176
166	3	163.944	174.078	155.302	0.757	0.4704	0.5289	0.2857	4	24	0.826	0.908	6	-75.972	209.444	160.694
182	1	154.134	157.511	151.253	NA	NA	NA	NA	40	40	1	1	2	-75.067	196.800666666667	153.467333333333
182	2	155.251	162.006	149.489	0.647	0.2558	0.3041	0.3077	19	21	0.879	0.915	4	-73.625	199.014705882353	153.132352941176
182	3	157.033	167.166	148.391	0.773	0.3525	0.3997	0.3636	9	16	0.862	0.928	6	-72.516	202.532	153.782
192	1	156.862	160.24	153.982	NA	NA	NA	NA	40	40	1	1	2	-76.431	199.528666666667	156.195333333333
192	2	148.311	155.066	142.549	0.877	0.0049	0.0092	0	18	22	0.947	0.982	4	-70.155	192.074705882353	146.192352941176
192	3	151.141	161.274	142.499	0.783	0.6509	0.6802	1	7	19	0.717	0.972	6	-69.571	196.642	147.892
208	1	178.012	181.39	175.131	NA	NA	NA	NA	40	40	1	1	2	-87.006	220.678666666667	177.345333333333
208	2	173.332	180.087	167.57	0.854	0.0465	0.0676	0.02	17	23	0.931	0.985	4	-82.666	217.096705882353	171.214352941176
208	3	175.183	185.316	166.541	0.838	0.2875	0.3258	0.25	3	20	0.631	0.978	6	-81.592	220.684	171.934
227	1	174.359	177.737	171.478	NA	NA	NA	NA	40	40	1	1	2	-85.179	217.024666666667	173.691333333333
227	2	165.824	172.58	160.063	0.839	0.0163	0.0256	0	16	24	0.918	0.97	4	-78.912	209.588705882353	163.706352941176
227	3	158.335	168.469	149.693	0.927	0.0577	0.0802	0	11	17	0.944	0.994	6	-73.168	203.836	155.086
254	1	168.922	172.3	166.041	NA	NA	NA	NA	40	40	1	1	2	-82.461	211.588666666667	168.255333333333
254	2	153.042	159.797	147.28	0.955	2e-04	6e-04	0	20	20	0.985	0.995	4	-72.521	196.806705882353	150.924352941176
254	3	155.708	165.841	147.066	0.821	0.6228	0.6563	1	9	19	0.849	0.987	6	-71.854	201.208	152.458
264	1	170.693	174.07	167.812	NA	NA	NA	NA	40	40	1	1	2	-83.346	213.358666666667	170.025333333333
264	2	165.24	171.996	159.479	0.873	0.0113	0.0199	0.0128	20	20	0.957	0.978	4	-78.62	209.004705882353	163.122352941176
264	3	168.923	179.056	160.281	0.775	0.8116	0.825	1	5	19	0.73	0.975	6	-78.461	214.422	165.672
288	1	188.72	192.098	185.839	NA	NA	NA	NA	40	40	1	1	2	-92.36	231.386666666667	188.053333333333
288	2	175.836	182.592	170.074	0.915	0.0025	0.0051	0	20	20	0.966	0.986	4	-83.918	219.600705882353	173.718352941176
288	3	176.363	186.496	167.72	0.848	0.3247	0.3688	0.1071	8	18	0.814	0.99	6	-82.181	221.862	173.112
318	1	298.948	304.158	297.842	NA	NA	NA	NA	100	100	1	1	2	-147.474	401.198	298.073
318	2	298.606	309.027	296.394	0.609	0.3884	0.4237	0.1765	40	60	0.871	0.892	4	-145.303	401.24429787234	295.92514893617
318	3	299.147	314.778	295.829	0.804	0.0322	0.041	0.1818	1	57	0.902	0.924	6	-143.574	402.365391304348	294.756695652174
340	1	311.312	316.523	310.206	NA	NA	NA	NA	100	100	1	1	2	-153.656	413.562	310.437
340	2	315.235	325.656	313.023	0.794	0.7968	0.805	1	0	100	0	1	4	-153.618	417.87429787234	312.55514893617
340	3	317.966	333.597	314.648	0.641	0.57	0.6044	1	5	72	0.564	0.908	6	-152.983	421.183391304348	313.574695652174
357	1	284.256	289.467	283.15	NA	NA	NA	NA	100	100	1	1	2	-140.128	386.506	283.381
357	2	284.476	294.897	282.264	0.627	0.1311	0.158	0.2143	17	83	0.637	0.973	4	-138.238	387.11429787234	281.79514893617
357	3	285.31	300.941	281.992	0.709	0.3996	0.4364	0.2667	16	54	0.81	0.895	6	-136.655	388.527391304348	280.918695652174
377	1	323.141	328.351	322.034	NA	NA	NA	NA	100	100	1	1	2	-159.57	425.39	322.265
377	2	320.676	331.096	318.463	0.652	0.0351	0.0497	0.04	40	60	0.867	0.931	4	-156.338	423.31429787234	317.99514893617
377	3	323.382	339.013	320.064	0.64	0.5861	0.6196	0.6667	22	43	0.735	0.921	6	-155.691	426.599391304348	318.990695652174
415	1	380.583	385.794	379.477	NA	NA	NA	NA	100	100	1	1	2	-188.292	482.834	379.709
415	2	379.131	389.552	376.919	0.621	0.0615	0.0823	0.0779	41	59	0.863	0.908	4	-185.566	481.77029787234	376.45114893617
415	3	382.888	398.519	379.57	0.521	0.8884	0.8971	1	26	45	0.581	0.858	6	-185.444	486.105391304348	378.496695652174
431	1	414.381	419.591	413.275	NA	NA	NA	NA	100	100	1	1	2	-205.19	516.63	413.505
431	2	412.783	423.204	410.571	0.64	0.1172	0.1481	0.05	48	52	0.891	0.899	4	-202.391	515.42029787234	410.10114893617
431	3	416.172	431.803	412.854	0.777	0.3971	0.4191	0.6667	1	54	0.65	0.914	6	-202.086	519.389391304348	411.780695652174
459	1	407.71	412.921	406.604	NA	NA	NA	NA	100	100	1	1	2	-201.855	509.96	406.835
459	2	401.317	411.737	399.104	0.737	0.0136	0.0211	0	46	54	0.917	0.945	4	-196.658	503.95429787234	398.63514893617
459	3	403.456	419.087	400.138	0.692	0.4512	0.4866	0.6667	21	43	0.776	0.957	6	-195.728	506.673391304348	399.064695652174
475	1	382.977	388.187	381.87	NA	NA	NA	NA	100	100	1	1	2	-189.488	485.226	382.101
475	2	376.759	387.179	374.546	0.713	0.0075	0.0124	0	47	53	0.914	0.918	4	-184.379	479.39629787234	374.07714893617
475	3	379.967	395.598	376.649	0.624	0.7083	0.7315	0.6667	21	44	0.71	0.899	6	-183.984	483.185391304348	375.576695652174
487	1	408.364	413.575	407.258	NA	NA	NA	NA	100	100	1	1	2	-202.182	510.614	407.489
487	2	385.785	396.206	383.573	0.866	0	0	0	49	51	0.959	0.964	4	-188.893	488.42429787234	383.10514893617
487	3	386.314	401.945	382.996	0.768	0.1644	0.1972	0.2	27	45	0.8	0.97	6	-187.157	489.531391304348	381.922695652174
500	1	391.407	396.618	390.301	NA	NA	NA	NA	100	100	1	1	2	-193.704	493.658	390.533
500	2	384.551	394.972	382.338	0.721	0.0046	0.0079	0	49	51	0.921	0.929	4	-188.275	487.18829787234	381.86914893617
500	3	387.376	403.007	384.057	0.637	0.6818	0.7072	0.6667	30	35	0.707	0.881	6	-187.688	490.593391304348	382.984695652174
513	1	445.069	450.279	443.962	NA	NA	NA	NA	100	100	1	1	2	-220.534	547.318	444.193
513	2	425.095	435.516	422.883	0.853	0	1e-04	0	49	51	0.959	0.966	4	-208.547	527.73229787234	422.41314893617
513	3	427.436	443.067	424.117	0.721	0.5443	0.5778	0.6667	23	47	0.699	0.966	6	-207.718	530.653391304348	423.044695652174
529	1	441.354	446.564	440.248	NA	NA	NA	NA	100	100	1	1	2	-218.677	543.604	440.479
529	2	408.778	419.199	406.566	0.937	0	0	0	48	52	0.979	0.993	4	-200.389	511.41629787234	406.09714893617
529	3	412.002	427.633	408.684	0.839	0.4625	0.4893	1	4	51	0.402	0.987	6	-200.001	515.219391304348	407.610695652174
546	1	437.814	443.024	436.708	NA	NA	NA	NA	100	100	1	1	2	-216.907	540.064	436.939
546	2	409.243	419.663	407.03	0.921	0	0	0	49	51	0.976	0.987	4	-200.621	511.88029787234	406.56114893617
546	3	412.137	427.768	408.818	0.841	0.5668	0.5933	1	2	49	0.257	0.985	6	-200.068	515.353391304348	407.744695652174
561	1	457.924	463.135	456.818	NA	NA	NA	NA	100	100	1	1	2	-226.962	560.174	457.049
561	2	441.066	451.487	438.854	0.86	0.0012	0.0022	0	49	51	0.956	0.974	4	-216.533	543.70429787234	438.38514893617
561	3	443.079	458.71	439.76	0.896	0.137	0.1595	0.6667	2	51	0.642	0.969	6	-215.539	546.295391304348	438.686695652174
575	1	443.344	448.554	442.238	NA	NA	NA	NA	100	100	1	1	2	-219.672	545.594	442.469
575	2	409.958	420.379	407.746	0.91	0	0	0	45	55	0.951	0.995	4	-200.979	512.59629787234	407.27714893617
575	3	411.561	427.192	408.243	0.788	0.1923	0.2274	0.6667	15	45	0.666	0.989	6	-199.781	514.779391304348	407.170695652174
592	1	445.817	451.027	444.711	NA	NA	NA	NA	100	100	1	1	2	-220.908	548.066	444.941
592	2	429.126	439.547	426.914	0.828	0.0013	0.0023	0	49	51	0.945	0.957	4	-210.563	531.76429787234	426.44514893617
592	3	431.696	447.327	428.378	0.873	0.2153	0.2384	0.6667	1	51	0.511	0.957	6	-209.848	534.913391304348	427.304695652174
609	1	966.054	973.462	967.119	NA	NA	NA	NA	300	300	1	1	2	-481.027	1268.13508108108	965.09454054054
609	2	968.908	983.723	971.038	0.305	0.5509	0.5825	1	136	164	0.736	0.79	4	-480.454	1271.11208163265	966.010040816327
609	3	972.375	994.598	975.569	0.472	0.7996	0.8152	0.6667	34	180	0.512	0.816	6	-480.187	1274.75756164384	967.565780821918
626	1	931.801	939.208	932.866	NA	NA	NA	NA	300	300	1	1	2	-463.9	1233.88108108108	930.84054054054
626	2	935.644	950.459	937.773	0.413	0.784	0.7952	1	10	290	0.116	0.984	4	-463.822	1237.84808163265	932.746040816327
626	3	938.577	960.8	941.771	0.548	0.8088	0.8285	1	18	223	0.497	0.905	6	-463.289	1240.96156164384	933.769780821918
641	1	920.151	927.559	921.216	NA	NA	NA	NA	300	300	1	1	2	-458.076	1222.23308108108	919.192540540541
641	2	921.975	936.79	924.105	0.361	0.335	0.3666	1	135	165	0.755	0.821	4	-456.988	1224.18008163265	919.078040816327
641	3	923.204	945.426	926.398	0.588	0.2646	0.2942	1	40	174	0.647	0.857	6	-455.602	1225.58756164384	918.395780821918
659	1	918.939	926.346	920.004	NA	NA	NA	NA	300	300	1	1	2	-457.469	1221.01908108108	917.978540540541
659	2	922.079	936.894	924.208	0.288	0.6034	0.6294	1	89	211	0.578	0.859	4	-457.039	1224.28208163265	919.180040816326
659	3	925.182	947.404	928.376	0.506	0.5957	0.6194	0.6667	20	195	0.465	0.86	6	-456.591	1227.56556164384	920.373780821918
676	1	950.618	958.026	951.683	NA	NA	NA	NA	300	300	1	1	2	-473.309	1252.69908108108	949.658540540541
676	2	954.537	969.352	956.667	0.169	0.9184	0.9233	1	74	226	0.426	0.86	4	-473.269	1256.74208163265	951.640040816327
676	3	955.841	978.063	959.035	0.611	0.3598	0.3942	0.6667	46	205	0.685	0.897	6	-471.92	1258.22356164384	951.031780821918
694	1	946.168	953.576	947.233	NA	NA	NA	NA	300	300	1	1	2	-471.084	1248.24908108108	945.208540540541
694	2	949.146	963.961	951.275	0.321	0.602	0.63	1	90	210	0.608	0.869	4	-470.573	1251.35008163265	946.248040816326
694	3	953.046	975.269	956.241	0.423	0.9478	0.9502	1	27	203	0.371	0.843	6	-470.523	1255.42956164384	948.237780821918
711	1	1186.718	1194.126	1187.783	NA	NA	NA	NA	300	300	1	1	2	-591.359	1488.79908108108	1185.75854054054
711	2	1149.552	1164.367	1151.681	0.776	0	0	0	146	154	0.923	0.947	4	-570.776	1451.75608163265	1146.65404081633
711	3	1150.201	1172.424	1153.395	0.705	0.2654	0.2889	0.6667	37	136	0.602	0.945	6	-569.1	1452.58356164384	1145.39178082192
726	1	1156.863	1164.27	1157.928	NA	NA	NA	NA	300	300	1	1	2	-576.431	1458.94308108108	1155.90254054054
726	2	1134.351	1149.166	1136.481	0.696	0	0	0	150	150	0.906	0.915	4	-563.176	1436.55608163265	1131.45404081633
726	3	1137.86	1160.083	1141.054	0.56	0.8429	0.855	1	54	124	0.447	0.89	6	-562.93	1440.24356164384	1133.05178082192
744	1	1136.448	1143.855	1137.513	NA	NA	NA	NA	300	300	1	1	2	-566.224	1438.52908108108	1135.48854054054
744	2	1114.183	1128.998	1116.313	0.716	0	0	0	138	162	0.903	0.939	4	-553.092	1416.38808163265	1111.28604081633
744	3	1117.79	1140.012	1120.984	0.625	0.6791	0.6947	1	14	151	0.261	0.92	6	-552.895	1420.17356164384	1112.98178082192
763	1	1166.382	1173.789	1167.447	NA	NA	NA	NA	300	300	1	1	2	-581.191	1468.46308108108	1165.42254054054
763	2	1142.252	1157.068	1144.382	0.716	0	1e-04	0	147	153	0.915	0.926	4	-567.126	1444.45608163265	1139.35404081633
763	3	1139.671	1161.894	1142.865	0.718	0.0233	0.0316	0.0417	37	134	0.679	0.944	6	-563.835	1442.05356164384	1134.86178082192
817	1	1330.095	1337.503	1331.16	NA	NA	NA	NA	300	300	1	1	2	-663.048	1632.17708108108	1329.13654054054
817	2	1240.623	1255.438	1242.753	0.897	0	0	0	149	151	0.971	0.975	4	-616.312	1542.82808163265	1237.72604081633
817	3	1243.235	1265.457	1246.429	0.681	0.6531	0.6756	1	71	147	0.631	0.975	6	-615.617	1545.61756164384	1238.42578082192
837	1	1343.253	1350.661	1344.318	NA	NA	NA	NA	300	300	1	1	2	-669.627	1645.33508108108	1342.29454054054
837	2	1228.146	1242.961	1230.275	0.921	0	0	0	148	152	0.977	0.984	4	-610.073	1530.35008163265	1225.24804081633
837	3	1228.928	1251.15	1232.122	0.79	0.1659	0.193	0.2667	34	137	0.562	0.968	6	-608.464	1531.31156164384	1224.11978082192
856	1	1337.392	1344.799	1338.457	NA	NA	NA	NA	300	300	1	1	2	-666.696	1639.47308108108	1336.43254054054
856	2	1231.051	1245.866	1233.18	0.913	0	0	0	150	150	0.974	0.976	4	-611.525	1533.25408163265	1228.15204081633
856	3	1233.97	1256.193	1237.164	0.79	0.7107	0.731	1	20	144	0.378	0.972	6	-610.985	1536.35356164384	1229.16178082192
874	1	1314.658	1322.065	1315.722	NA	NA	NA	NA	300	300	1	1	2	-655.329	1616.73908108108	1313.69854054054
874	2	1244.775	1259.59	1246.905	0.867	0	0	0	141	159	0.964	0.966	4	-618.388	1546.98008163265	1241.87804081633
874	3	1248.474	1270.697	1251.669	0.816	0.6372	0.6542	1	1	159	0.051	0.966	6	-618.237	1550.85756164384	1243.66578082192
894	1	1298.327	1305.735	1299.392	NA	NA	NA	NA	300	300	1	1	2	-647.164	1600.40908108108	1297.36854054054
894	2	1219.628	1234.443	1221.758	0.875	0	0	0	150	150	0.964	0.972	4	-605.814	1521.83208163265	1216.73004081633
894	3	1221.85	1244.072	1225.044	0.743	0.4778	0.5078	0.6667	31	140	0.452	0.96	6	-604.925	1524.23356164384	1217.04178082192
911	1	92.858	96.235	89.977	NA	NA	NA	NA	40	40	1	1	2	-44.429	135.524666666667	92.1913333333333
911	2	93.304	100.06	87.543	0.833	0.1345	0.1631	0.2083	5	35	0.815	0.98	4	-42.652	137.068705882353	91.1863529411765
911	3	92.399	102.533	83.757	0.915	0.1857	0.2249	0.1429	5	29	0.916	0.979	6	-40.2	137.9	89.15
941	1	106.914	110.292	104.033	NA	NA	NA	NA	40	40	1	1	2	-51.457	149.580666666667	106.247333333333
941	2	107.259	114.015	101.498	0.945	0.0336	0.0467	0.2083	2	38	0.874	0.997	4	-49.63	151.024705882353	105.142352941176
941	3	108.922	119.055	100.28	0.741	0.3918	0.4381	0.6667	2	23	0.838	0.981	6	-48.461	154.422	105.672
957	1	101.658	105.036	98.778	NA	NA	NA	NA	40	40	1	1	2	-48.829	144.324666666667	100.991333333333
957	2	104.435	111.191	98.674	0.543	0.6082	0.6551	0.5	19	21	0.83	0.894	4	-48.218	148.200705882353	102.318352941176
957	3	108.413	118.546	99.77	0.426	0.9635	0.9646	1	9	17	0.588	0.849	6	-48.206	153.912	105.162
967	1	115.354	118.732	112.474	NA	NA	NA	NA	40	40	1	1	2	-55.677	158.020666666667	114.687333333333
967	2	115.736	122.492	109.975	0.897	0.0901	0.1118	0.2083	3	37	0.791	0.993	4	-53.868	159.500705882353	113.618352941176
967	3	112.608	122.741	103.966	0.909	0.1803	0.2252	0.0674	4	27	0.908	0.993	6	-50.304	158.108	109.358
1005	1	139.386	142.763	136.505	NA	NA	NA	NA	40	40	1	1	2	-67.693	182.052666666667	138.719333333333
1005	2	137.171	143.927	131.41	0.775	0.0569	0.0816	0.0674	19	21	0.909	0.959	4	-64.586	180.936705882353	135.054352941176
1005	3	140.407	150.54	131.765	0.687	0.7335	0.758	1	11	17	0.689	0.936	6	-64.204	185.908	137.158
1028	1	154.244	157.622	151.363	NA	NA	NA	NA	40	40	1	1	2	-75.122	196.910666666667	153.577333333333
1028	2	151.052	157.808	145.291	0.779	0.0505	0.0727	0.03	17	23	0.904	0.961	4	-71.526	194.816705882353	148.934352941176
1028	3	152.43	162.564	143.788	0.796	0.3235	0.3666	0.3333	10	18	0.856	0.971	6	-70.215	197.93	149.18
1059	1	152.561	155.939	149.681	NA	NA	NA	NA	40	40	1	1	2	-74.281	195.228666666667	151.895333333333
1059	2	143.164	149.92	137.403	0.904	0.0046	0.0087	0	18	22	0.951	0.995	4	-67.582	186.928705882353	141.046352941176
1059	3	144.65	154.783	136.008	0.818	0.2458	0.287	0.2353	6	18	0.67	0.992	6	-66.325	190.15	141.4
1069	1	153.018	156.396	150.137	NA	NA	NA	NA	40	40	1	1	2	-74.509	195.684666666667	152.351333333333
1069	2	130.917	137.673	125.156	0.961	5e-04	0.0011	0	19	21	0.988	0.993	4	-61.459	174.682705882353	128.800352941176
1069	3	133.627	143.761	124.985	0.931	0.4242	0.4514	1	3	20	0.886	0.992	6	-60.814	179.128	130.378
1089	1	151.967	155.344	149.086	NA	NA	NA	NA	40	40	1	1	2	-73.983	194.632666666667	151.299333333333
1089	2	134.151	140.906	128.389	0.94	7e-04	0.0017	0	18	22	0.964	0.996	4	-63.075	177.914705882353	132.032352941176
1089	3	135.907	146.041	127.265	0.88	0.4169	0.4568	0.4286	4	20	0.713	0.993	6	-61.954	181.408	132.658
1105	1	183.312	186.69	180.431	NA	NA	NA	NA	40	40	1	1	2	-89.656	225.978666666667	182.645333333333
1105	2	161.887	168.642	156.125	0.971	1e-04	2e-04	0	20	20	0.99	0.997	4	-76.943	205.650705882353	159.768352941176
1105	3	164.442	174.575	155.799	0.815	0.5526	0.5859	1	9	19	0.828	0.977	6	-76.221	209.942	161.192
1116	1	178.13	181.508	175.249	NA	NA	NA	NA	40	40	1	1	2	-87.065	220.796666666667	177.463333333333
1116	2	155.074	161.83	149.313	0.98	1e-04	2e-04	0	20	20	0.991	1	4	-73.537	198.838705882353	152.956352941176
1116	3	158.71	168.844	150.068	0.891	0.6312	0.6499	1	2	20	0.606	1	6	-73.355	204.21	155.46
1133	1	168.445	171.823	165.564	NA	NA	NA	NA	40	40	1	1	2	-82.222	211.110666666667	167.777333333333
1133	2	148.771	155.526	143.009	0.965	0.0015	0.0032	0	20	20	0.982	1	4	-70.385	192.534705882353	146.652352941176
1133	3	148.6	158.733	139.958	0.888	0.2874	0.3236	0.075	8	20	0.9	0.999	6	-68.3	194.1	145.35
1169	1	180.663	184.041	177.782	NA	NA	NA	NA	40	40	1	1	2	-88.331	223.328666666667	179.995333333333
1169	2	159.865	166.62	154.103	0.97	8e-04	0.0017	0	20	20	0.976	1	4	-75.932	203.628705882353	157.746352941176
1169	3	161.469	171.603	152.827	0.894	0.3306	0.3677	0.3333	5	19	0.887	0.989	6	-74.735	206.97	158.22
1188	1	179.959	183.337	177.078	NA	NA	NA	NA	40	40	1	1	2	-87.98	222.626666666667	179.293333333333
1188	2	155.799	162.555	150.038	0.978	0	0	0	19	21	0.987	1	4	-73.9	199.564705882353	153.682352941176
1188	3	159.623	169.757	150.981	0.774	0.8892	0.8962	1	6	20	0.589	0.978	6	-73.812	205.124	156.374
1205	1	244.127	249.337	243.021	NA	NA	NA	NA	100	100	1	1	2	-120.063	346.376	243.251
1205	2	246.712	257.133	244.5	0.487	0.4357	0.4724	0.6667	20	80	0.59	0.934	4	-119.356	349.35029787234	244.03114893617
1205	3	249.25	264.881	245.932	0.667	0.8138	0.8355	1	16	54	0.812	0.866	6	-118.625	352.467391304348	244.858695652174
1220	1	243.91	249.12	242.804	NA	NA	NA	NA	100	100	1	1	2	-119.955	346.16	243.035
1220	2	246.787	257.207	244.574	0.41	0.6244	0.6594	0.6667	50	50	0.798	0.824	4	-119.393	349.42429787234	244.10514893617
1220	3	250.062	265.693	246.743	0.579	0.6161	0.6394	1	9	54	0.543	0.841	6	-119.031	353.279391304348	245.670695652174
1227	1	245.405	250.615	244.298	NA	NA	NA	NA	100	100	1	1	2	-120.702	347.654	244.529
1227	2	248.998	259.419	246.786	0.35	0.8767	0.8895	1	33	67	0.658	0.875	4	-120.499	351.63629787234	246.31714893617
1227	3	252.07	267.701	248.752	0.689	0.6437	0.6611	0.4286	5	63	0.685	0.912	6	-120.035	355.287391304348	247.678695652174
1238	1	232.666	237.876	231.56	NA	NA	NA	NA	100	100	1	1	2	-114.333	334.916	231.791
1238	2	235.357	245.777	233.144	0.425	0.5648	0.5971	0.6667	28	72	0.643	0.898	4	-113.678	337.99429787234	232.67514893617
1238	3	237.9	253.531	234.581	0.653	0.6727	0.6981	1	13	50	0.756	0.868	6	-112.95	341.117391304348	233.508695652174
1248	1	261.468	266.679	260.362	NA	NA	NA	NA	100	100	1	1	2	-128.734	363.718	260.593
1248	2	264.341	274.762	262.129	0.381	0.5288	0.5657	0.6667	43	57	0.745	0.834	4	-128.17	366.97829787234	261.65914893617
1248	3	263.889	279.52	260.571	0.742	0.2741	0.315	0.2174	20	56	0.811	0.92	6	-125.945	367.107391304348	259.498695652174
1262	1	252.467	257.677	251.36	NA	NA	NA	NA	100	100	1	1	2	-124.233	354.716	251.591
1262	2	251.746	262.167	249.534	0.979	0.0161	0.0218	0.0952	2	98	0.925	0.997	4	-121.873	354.38429787234	249.06514893617
1262	3	246.094	261.725	242.776	0.845	0.008	0.0128	0	2	77	0.785	0.986	6	-117.047	349.311391304348	241.702695652174
1295	1	293.381	298.591	292.275	NA	NA	NA	NA	100	100	1	1	2	-144.69	395.63	292.505
1295	2	283.552	293.973	281.34	0.848	6e-04	0.0012	0	11	89	0.75	0.992	4	-137.776	386.19029787234	280.87114893617
1295	3	287.521	303.152	284.203	0.798	0.7791	0.7832	1	4	89	0.247	0.994	6	-137.761	390.739391304348	283.130695652174
1307	1	367.27	372.481	366.164	NA	NA	NA	NA	100	100	1	1	2	-181.635	469.52	366.395
1307	2	333.2	343.62	330.987	0.909	0	0	0	47	53	0.969	0.982	4	-162.6	435.83829787234	330.51914893617
1307	3	333.87	349.501	330.551	0.811	0.1994	0.2355	0.1429	15	43	0.689	0.969	6	-160.935	437.087391304348	329.478695652174
1322	1	381.037	386.247	379.931	NA	NA	NA	NA	100	100	1	1	2	-188.519	483.288	380.163
1322	2	340.948	351.369	338.736	0.956	0	0	0	47	53	0.984	0.994	4	-166.474	443.58629787234	338.26714893617
1322	3	343.158	358.789	339.839	0.895	0.2521	0.2819	0.3333	3	50	0.428	0.99	6	-165.579	446.375391304348	338.766695652174
1338	1	378.566	383.777	377.46	NA	NA	NA	NA	100	100	1	1	2	-187.283	480.816	377.691
1338	2	349.481	359.902	347.269	0.883	0	0	0	47	53	0.964	0.968	4	-170.741	452.12029787234	346.80114893617
1338	3	350.073	365.704	346.755	0.821	0.2495	0.2826	0.1429	16	47	0.746	0.965	6	-169.037	453.291391304348	345.682695652174
1367	1	372.406	377.616	371.3	NA	NA	NA	NA	100	100	1	1	2	-184.203	474.656	371.531
1367	2	343.401	353.822	341.189	0.893	0	0	0	47	53	0.951	0.988	4	-167.701	446.04029787234	340.72114893617
1367	3	346.404	362.035	343.085	0.792	0.5803	0.6111	0.6	10	46	0.554	0.981	6	-167.202	449.621391304348	342.012695652174
1378	1	374.921	380.132	373.815	NA	NA	NA	NA	100	100	1	1	2	-185.461	477.172	374.047
1378	2	316.688	327.109	314.476	0.973	0	0	0	49	51	0.988	0.997	4	-154.344	419.32629787234	314.00714893617
1378	3	318.336	333.967	315.017	0.817	0.5497	0.5774	0.4286	22	50	0.828	0.997	6	-153.168	421.553391304348	313.944695652174
1396	1	382.995	388.205	381.889	NA	NA	NA	NA	100	100	1	1	2	-189.498	485.246	382.121
1396	2	330.84	341.261	328.628	0.965	0	0	0	48	52	0.991	0.992	4	-161.42	433.47829787234	328.15914893617
1396	3	332.074	347.705	328.756	0.936	0.1551	0.1799	0.2143	4	48	0.758	0.996	6	-160.037	435.291391304348	327.682695652174
1411	1	437.464	442.675	436.358	NA	NA	NA	NA	100	100	1	1	2	-216.732	539.714	436.589
1411	2	364.978	375.399	362.766	0.989	0	0	0	50	50	0.996	1	4	-178.489	467.61629787234	362.29714893617
1411	3	364.717	380.348	361.399	0.92	0.1138	0.1353	0.1395	6	50	0.732	1	6	-176.359	467.935391304348	360.326695652174
1426	1	435.032	440.242	433.926	NA	NA	NA	NA	100	100	1	1	2	-215.516	537.282	434.157
1426	2	345.042	355.463	342.83	0.998	0	0	0	49	51	1	1	4	-168.521	447.68029787234	342.36114893617
1426	3	346.607	362.238	343.288	0.89	0.2044	0.2374	0.2857	7	49	0.612	1	6	-167.303	449.823391304348	342.214695652174
1446	1	431.59	436.8	430.484	NA	NA	NA	NA	100	100	1	1	2	-213.795	533.84	430.715
1446	2	354.089	364.51	351.877	0.998	0	0	0	50	50	1	1	4	-173.045	456.72829787234	351.40914893617
1446	3	352.319	367.95	349.001	0.925	0.027	0.0367	0.087	7	50	0.754	1	6	-170.16	455.537391304348	347.928695652174
1467	1	436.225	441.435	435.118	NA	NA	NA	NA	100	100	1	1	2	-216.112	538.474	435.349
1467	2	346.508	356.928	344.295	0.991	0	0	0	50	50	0.994	1	4	-169.254	449.14629787234	343.82714893617
1467	3	349.825	365.456	346.506	0.761	0.7022	0.7235	0.6	24	49	0.744	0.992	6	-168.912	453.041391304348	345.432695652174
1483	1	427.943	433.153	426.837	NA	NA	NA	NA	100	100	1	1	2	-211.971	530.192	427.067
1483	2	354.832	365.253	352.62	0.987	0	0	0	50	50	0.994	1	4	-173.416	457.47029787234	352.15114893617
1483	3	357.238	372.869	353.92	0.819	0.4695	0.496	0.3333	7	50	0.429	0.999	6	-172.619	460.455391304348	352.846695652174
1499	1	431.042	436.252	429.935	NA	NA	NA	NA	100	100	1	1	2	-213.521	533.292	430.167
1499	2	336.451	346.872	334.239	0.999	0	0	0	50	50	1	1	4	-164.226	439.09029787234	333.77114893617
1499	3	338.139	353.77	334.82	0.874	0.3373	0.3674	0.3077	9	50	0.674	1	6	-163.069	441.355391304348	333.746695652174
1519	1	793.327	800.735	794.392	NA	NA	NA	NA	300	300	1	1	2	-394.664	1095.40908108108	792.36854054054
1519	2	791.54	806.356	793.67	0.49	0.0481	0.0617	0.04	78	222	0.666	0.92	4	-391.77	1093.74408163265	788.642040816326
1519	3	794.557	816.78	797.752	0.528	0.6996	0.7234	0.6667	40	147	0.691	0.786	6	-391.279	1096.94156164384	789.749780821918
1551	1	762.105	769.513	763.17	NA	NA	NA	NA	300	300	1	1	2	-379.053	1064.18708108108	761.146540540541
1551	2	761.069	775.884	763.198	0.475	0.0613	0.077	1	82	218	0.678	0.912	4	-376.534	1063.27208163265	758.170040816326
1551	3	763.841	786.063	767.035	0.542	0.7162	0.7398	0.6667	56	162	0.73	0.813	6	-375.92	1066.22356164384	759.031780821918
1566	1	751.399	758.807	752.464	NA	NA	NA	NA	300	300	1	1	2	-373.7	1053.48108108108	750.44054054054
1566	2	752.548	767.363	754.678	0.545	0.2153	0.2402	1	28	272	0.39	0.966	4	-372.274	1054.75208163265	749.650040816327
1566	3	751.961	774.184	755.155	0.643	0.2066	0.2354	0.1304	26	182	0.697	0.886	6	-369.98	1054.34356164384	747.151780821918
1591	1	759.946	767.353	761.011	NA	NA	NA	NA	300	300	1	1	2	-377.973	1062.02708108108	758.986540540541
1591	2	752.98	767.795	755.11	0.614	0.2697	0.2908	0	55	245	0.663	0.952	4	-372.49	1055.18408163265	750.082040816327
1591	3	748.012	770.234	751.206	0.75	0.001	0.0015	0.02	1	221	0.745	0.982	6	-368.006	1050.39556164384	743.203780821918
1624	1	1119.666	1127.073	1120.73	NA	NA	NA	NA	300	300	1	1	2	-557.833	1421.74708108108	1118.70654054054
1624	2	999.819	1014.634	1001.948	0.944	0	0	0	145	155	0.98	0.989	4	-495.909	1302.02208163265	996.920040816326
1624	3	1000.424	1022.646	1003.618	0.919	0.0825	0.0983	0.2353	3	152	0.342	0.985	6	-494.212	1302.80756164384	995.615780821918
1637	1	1110.715	1118.123	1111.78	NA	NA	NA	NA	300	300	1	1	2	-553.358	1412.79708108108	1109.75654054054
1637	2	975.453	990.268	977.583	0.946	0	0	0	147	153	0.982	0.989	4	-483.727	1277.65808163265	972.556040816326
1637	3	974.336	996.558	977.53	0.827	0.0667	0.0815	0.1071	22	146	0.531	0.988	6	-481.168	1276.71956164384	969.527780821918
1656	1	1112.791	1120.198	1113.855	NA	NA	NA	NA	300	300	1	1	2	-554.395	1414.87108108108	1111.83054054054
1656	2	1018.568	1033.384	1020.698	0.893	0	0	0	148	152	0.97	0.974	4	-505.284	1320.77208163265	1015.67004081633
1656	3	1016.65	1038.873	1019.845	0.788	0.0606	0.0759	0.05	48	134	0.698	0.969	6	-502.325	1319.03356164384	1011.84178082192
1682	1	1101.24	1108.647	1102.305	NA	NA	NA	NA	300	300	1	1	2	-548.62	1403.32108108108	1100.28054054054
1682	2	1026.47	1041.285	1028.599	0.892	0	0	0	146	154	0.971	0.976	4	-509.235	1328.67408163265	1023.57204081633
1682	3	1020.851	1043.074	1024.046	0.915	0.0596	0.0719	0	4	151	0.566	0.981	6	-504.426	1323.23556164384	1016.04378082192
1710	1	1290.2	1297.607	1291.264	NA	NA	NA	NA	300	300	1	1	2	-643.1	1592.28108108108	1289.24054054054
1710	2	1050.489	1065.304	1052.619	0.989	0	0	0	150	150	0.996	1	4	-521.245	1352.69408163265	1047.59204081633
1710	3	1048.832	1071.055	1052.026	0.969	0.0225	0.0285	0.1071	4	150	0.65	1	6	-518.416	1351.21556164384	1044.02378082192
1730	1	1285.592	1293	1286.657	NA	NA	NA	NA	300	300	1	1	2	-640.796	1587.67308108108	1284.63254054054
1730	2	1022.996	1037.811	1025.126	0.992	0	0	0	149	151	0.997	0.999	4	-507.498	1325.20008163265	1020.09804081633
1730	3	1024.808	1047.031	1028.002	0.99	0.1264	0.1412	0.2667	1	150	0.756	0.999	6	-506.404	1327.19156164384	1019.99978082192
1746	1	1279.08	1286.488	1280.145	NA	NA	NA	NA	300	300	1	1	2	-637.54	1581.16108108108	1278.12054054054
1746	2	1070.439	1085.254	1072.568	0.99	0	0	0	150	150	0.997	1	4	-531.219	1372.64208163265	1067.54004081633
1746	3	1066.321	1088.543	1069.515	0.907	0.0082	0.0115	0.04	13	150	0.545	1	6	-527.16	1368.70356164384	1061.51178082192
1783	1	1265.762	1273.169	1266.827	NA	NA	NA	NA	300	300	1	1	2	-630.881	1567.84308108108	1264.80254054054
1783	2	1033.735	1048.55	1035.864	0.981	0	0	0	147	153	0.992	0.995	4	-512.867	1335.93808163265	1030.83604081633
1783	3	1032.66	1054.883	1035.854	0.905	0.0389	0.0492	0.125	13	151	0.515	0.996	6	-510.33	1335.04356164384	1027.85178082192
1812	1	121.327	124.705	118.447	NA	NA	NA	NA	40	40	1	1	2	-58.664	163.994666666667	120.661333333333
1812	2	123.728	130.483	117.966	0.605	0.6146	0.6545	0.5	20	20	0.893	0.918	4	-57.864	167.492705882353	121.610352941176
1812	3	126.023	136.156	117.381	0.803	0.2656	0.2934	1	7	20	0.849	0.993	6	-57.012	171.524	122.774
1830	1	129.445	132.823	126.564	NA	NA	NA	NA	40	40	1	1	2	-62.723	172.112666666667	128.779333333333
1830	2	127.688	134.443	121.926	0.748	0.0851	0.1152	0.1395	18	22	0.866	0.985	4	-59.844	171.452705882353	125.570352941176
1830	3	130.833	140.966	122.191	0.776	0.2742	0.2986	0.4286	8	22	0.793	0.98	6	-59.417	176.334	127.584
1848	1	121.327	124.705	118.447	NA	NA	NA	NA	40	40	1	1	2	-58.664	163.994666666667	120.661333333333
1848	2	123.728	130.483	117.966	0.605	0.6146	0.6545	0.5	20	20	0.893	0.918	4	-57.864	167.492705882353	121.610352941176
1848	3	126.023	136.156	117.381	0.803	0.2656	0.2934	1	7	20	0.849	0.993	6	-57.012	171.524	122.774
1851	1	139.194	142.571	136.313	NA	NA	NA	NA	40	40	1	1	2	-67.597	181.860666666667	138.527333333333
1851	2	127.532	134.288	121.77	0.91	7e-04	0.0019	0	18	22	0.945	0.999	4	-59.766	171.296705882353	125.414352941176
1851	3	131.279	141.413	122.637	0.846	0.5467	0.58	1	4	18	0.778	0.979	6	-59.64	176.78	128.03
1864	1	128.753	132.13	125.872	NA	NA	NA	NA	40	40	1	1	2	-62.376	171.418666666667	128.085333333333
1864	2	125.762	132.517	120	0.784	0.0498	0.0745	0.04	15	25	0.854	0.994	4	-58.881	169.526705882353	123.644352941176
1864	3	128.312	138.445	119.67	0.887	0.6779	0.7032	1	8	17	0.914	0.993	6	-58.156	173.812	125.062
1890	1	119.846	123.224	116.965	NA	NA	NA	NA	40	40	1	1	2	-57.923	162.512666666667	119.179333333333
1890	2	122.158	128.913	116.396	0.631	0.5237	0.5701	0.5	16	24	0.899	0.921	4	-57.079	165.922705882353	120.040352941176
1890	3	123.66	133.793	115.017	0.905	0.6117	0.6419	0.2083	9	16	0.946	0.999	6	-55.83	169.16	120.41
1913	1	127.056	130.434	124.175	NA	NA	NA	NA	40	40	1	1	2	-61.528	169.722666666667	126.389333333333
1913	2	125.522	132.278	119.761	0.767	0.0636	0.0895	0.1463	10	30	0.82	0.99	4	-58.761	169.286705882353	123.404352941176
1913	3	128.528	138.661	119.885	0.829	0.7022	0.7315	1	9	21	0.859	0.987	6	-58.264	174.028	125.278
1929	1	130.902	134.28	128.022	NA	NA	NA	NA	40	40	1	1	2	-63.451	173.568666666667	130.235333333333
1929	2	128.318	135.074	122.557	0.826	0.0406	0.0601	0.05	12	28	0.936	0.979	4	-60.159	172.082705882353	126.200352941176
1929	3	130.227	140.36	121.584	0.854	0.5956	0.6328	1	11	17	0.882	0.999	6	-59.113	175.726	126.976
1955	1	139.194	142.571	136.313	NA	NA	NA	NA	40	40	1	1	2	-67.597	181.860666666667	138.527333333333
1955	2	127.532	134.288	121.77	0.91	7e-04	0.0019	0	18	22	0.945	0.999	4	-59.766	171.296705882353	125.414352941176
1955	3	131.279	141.413	122.637	0.846	0.5467	0.58	1	4	18	0.778	0.979	6	-59.64	176.78	128.03
1974	1	118.478	121.856	115.598	NA	NA	NA	NA	40	40	1	1	2	-57.239	161.144666666667	117.811333333333
1974	2	122.043	128.798	116.281	0.406	0.7345	0.7586	1	9	31	0.565	0.94	4	-57.021	165.806705882353	119.924352941176
1974	3	123.179	133.312	114.537	0.924	0.745	0.7744	0.2857	9	16	0.957	0.997	6	-55.59	168.68	119.93
1993	1	130.956	134.334	128.075	NA	NA	NA	NA	40	40	1	1	2	-63.478	173.622666666667	130.289333333333
1993	2	130.483	137.239	124.722	0.755	0.1653	0.2081	0.2	17	23	0.922	0.968	4	-61.242	174.248705882353	128.366352941176
1993	3	132.702	142.835	124.059	0.809	0.3386	0.378	0.5	11	17	0.845	0.996	6	-60.351	178.202	129.452
2007	1	130.956	134.334	128.075	NA	NA	NA	NA	40	40	1	1	2	-63.478	173.622666666667	130.289333333333
2007	2	130.483	137.239	124.722	0.755	0.1653	0.2081	0.2	17	23	0.922	0.968	4	-61.242	174.248705882353	128.366352941176
2007	3	132.702	142.835	124.059	0.809	0.3386	0.378	0.5	11	17	0.845	0.996	6	-60.351	178.202	129.452
2020	1	147.654	151.032	144.773	NA	NA	NA	NA	40	40	1	1	2	-71.827	190.320666666667	146.987333333333
2020	2	144.964	151.72	139.203	0.719	0.0639	0.0883	0.05	15	25	0.792	0.99	4	-68.482	188.728705882353	142.846352941176
2020	3	140.943	151.076	132.3	0.856	0.0259	0.0362	0.02	9	16	0.806	0.998	6	-64.471	186.442	137.692
2074	1	139.194	142.571	136.313	NA	NA	NA	NA	40	40	1	1	2	-67.597	181.860666666667	138.527333333333
2074	2	127.532	134.288	121.77	0.91	7e-04	0.0019	0	18	22	0.945	0.999	4	-59.766	171.296705882353	125.414352941176
2074	3	131.279	141.413	122.637	0.846	0.5467	0.58	1	4	18	0.778	0.979	6	-59.64	176.78	128.03
2079	1	147.145	150.523	144.264	NA	NA	NA	NA	40	40	1	1	2	-71.572	189.810666666667	146.477333333333
2079	2	142.027	148.782	136.265	0.787	0.0266	0.0407	0.0128	17	23	0.834	0.994	4	-67.013	185.790705882353	139.908352941176
2079	3	141.851	151.984	133.208	0.837	0.0525	0.0676	0.2	7	17	0.777	0.993	6	-64.925	187.35	138.6
2116	1	294.32	299.53	293.213	NA	NA	NA	NA	100	100	1	1	2	-145.16	396.57	293.445
2116	2	298.008	308.429	295.796	0.263	0.8012	0.8181	1	31	69	0.569	0.887	4	-145.004	400.64629787234	295.32714893617
2116	3	294.487	310.118	291.169	0.907	0.4555	0.4895	0.0404	28	41	0.946	0.998	6	-141.244	397.705391304348	290.096695652174
2152	1	331.297	336.507	330.19	NA	NA	NA	NA	100	100	1	1	2	-163.648	433.546	330.421
2152	2	315.497	325.918	313.285	0.797	1e-04	2e-04	0	39	61	0.82	0.996	4	-153.749	418.13629787234	312.81714893617
2152	3	317.954	333.585	314.636	0.786	0.2184	0.2436	0.6667	17	44	0.791	0.968	6	-152.977	421.171391304348	313.562695652174
2158	1	307.106	312.316	305.999	NA	NA	NA	NA	100	100	1	1	2	-151.553	409.356	306.231
2158	2	305.725	316.146	303.513	0.587	0.086	0.1092	0.0779	23	77	0.591	0.988	4	-148.862	408.36229787234	303.04314893617
2158	3	306.542	322.173	303.224	0.799	0.2578	0.2839	0.25	23	49	0.842	0.986	6	-147.271	409.759391304348	302.150695652174
2182	1	284.484	289.694	283.378	NA	NA	NA	NA	100	100	1	1	2	-140.242	386.734	283.609
2182	2	287.927	298.347	285.714	0.339	0.6654	0.691	1	24	76	0.545	0.921	4	-139.963	390.56429787234	285.24514893617
2182	3	281.17	296.801	277.852	0.955	0.4518	0.4825	0	24	40	0.978	0.999	6	-134.585	384.387391304348	276.778695652174
2198	1	298.215	303.425	297.109	NA	NA	NA	NA	100	100	1	1	2	-147.107	400.464	297.339
2198	2	299.973	310.394	297.761	0.471	0.3103	0.3516	0.6667	33	67	0.658	0.957	4	-145.987	402.61229787234	297.29314893617
2198	3	297.318	312.949	294	0.922	0.4873	0.5165	0.0505	33	34	0.955	0.997	6	-142.659	400.535391304348	292.926695652174
2228	1	284.484	289.694	283.378	NA	NA	NA	NA	100	100	1	1	2	-140.242	386.734	283.609
2228	2	287.927	298.347	285.714	0.339	0.6654	0.691	1	24	76	0.545	0.921	4	-139.963	390.56429787234	285.24514893617
2228	3	281.17	296.801	277.852	0.955	0.4518	0.4825	0	24	40	0.978	0.999	6	-134.585	384.387391304348	276.778695652174
2235	1	331.297	336.507	330.19	NA	NA	NA	NA	100	100	1	1	2	-163.648	433.546	330.421
2235	2	315.497	325.918	313.285	0.797	1e-04	2e-04	0	39	61	0.82	0.996	4	-153.749	418.13629787234	312.81714893617
2235	3	317.954	333.585	314.636	0.786	0.2184	0.2436	0.6667	17	44	0.791	0.968	6	-152.977	421.171391304348	313.562695652174
2244	1	330.471	335.682	329.365	NA	NA	NA	NA	100	100	1	1	2	-163.236	432.722	329.597
2244	2	326.32	336.74	324.107	0.693	0.0548	0.0722	0.0303	41	59	0.892	0.955	4	-159.16	428.95829787234	323.63914893617
2244	3	320.993	336.624	317.675	0.808	0.0065	0.0099	0.02	29	41	0.817	0.997	6	-154.497	424.211391304348	316.602695652174
2290	1	330.471	335.682	329.365	NA	NA	NA	NA	100	100	1	1	2	-163.236	432.722	329.597
2290	2	326.32	336.74	324.107	0.693	0.0548	0.0722	0.0303	41	59	0.892	0.955	4	-159.16	428.95829787234	323.63914893617
2290	3	320.993	336.624	317.675	0.808	0.0065	0.0099	0.02	29	41	0.817	0.997	6	-154.497	424.211391304348	316.602695652174
2336	1	331.297	336.507	330.19	NA	NA	NA	NA	100	100	1	1	2	-163.648	433.546	330.421
2336	2	315.497	325.918	313.285	0.797	1e-04	2e-04	0	39	61	0.82	0.996	4	-153.749	418.13629787234	312.81714893617
2336	3	317.954	333.585	314.636	0.786	0.2184	0.2436	0.6667	17	44	0.791	0.968	6	-152.977	421.171391304348	313.562695652174
2347	1	331.297	336.507	330.19	NA	NA	NA	NA	100	100	1	1	2	-163.648	433.546	330.421
2347	2	315.497	325.918	313.285	0.797	1e-04	2e-04	0	39	61	0.82	0.996	4	-153.749	418.13629787234	312.81714893617
2347	3	317.954	333.585	314.636	0.786	0.2184	0.2436	0.6667	17	44	0.791	0.968	6	-152.977	421.171391304348	313.562695652174
2353	1	297.355	302.565	296.249	NA	NA	NA	NA	100	100	1	1	2	-146.678	399.606	296.481
2353	2	296.966	307.387	294.754	0.599	0.1255	0.1563	0.1333	37	63	0.819	0.953	4	-144.483	399.60429787234	294.28514893617
2353	3	293.594	309.225	290.276	0.932	0.4307	0.4588	0.0404	30	37	0.962	0.999	6	-140.797	396.811391304348	289.202695652174
2394	1	297.355	302.565	296.249	NA	NA	NA	NA	100	100	1	1	2	-146.678	399.606	296.481
2394	2	296.966	307.387	294.754	0.599	0.1255	0.1563	0.1333	37	63	0.819	0.953	4	-144.483	399.60429787234	294.28514893617
2394	3	293.594	309.225	290.276	0.932	0.4307	0.4588	0.0404	30	37	0.962	0.999	6	-140.797	396.811391304348	289.202695652174
2437	1	824.362	831.769	825.427	NA	NA	NA	NA	300	300	1	1	2	-410.181	1126.44308108108	823.40254054054
2437	2	823.08	837.895	825.209	0.445	0.0869	0.1053	1	56	244	0.466	0.98	4	-407.54	1125.28408163265	820.182040816327
2437	3	793.229	815.452	796.424	0.961	0.1356	0.1527	0	56	138	0.981	0.999	6	-390.615	1095.61356164384	788.421780821918
2455	1	815.231	822.639	816.296	NA	NA	NA	NA	300	300	1	1	2	-405.616	1117.31308108108	814.27254054054
2455	2	819.047	833.862	821.176	0.176	0.8362	0.847	1	88	212	0.502	0.855	4	-405.523	1121.25008163265	816.148040816327
2455	3	768.937	791.16	772.132	0.98	0.1188	0.1358	0	79	133	0.993	1	6	-378.469	1071.32156164384	764.129780821918
2471	1	815.231	822.639	816.296	NA	NA	NA	NA	300	300	1	1	2	-405.616	1117.31308108108	814.27254054054
2471	2	819.047	833.862	821.176	0.176	0.8362	0.847	1	88	212	0.502	0.855	4	-405.523	1121.25008163265	816.148040816327
2471	3	768.937	791.16	772.132	0.98	0.1188	0.1358	0	79	133	0.993	1	6	-378.469	1071.32156164384	764.129780821918
2482	1	862.279	869.687	863.344	NA	NA	NA	NA	300	300	1	1	2	-429.14	1164.36108108108	861.32054054054
2482	2	863.94	878.755	866.069	0.378	0.2013	0.2276	1	72	228	0.576	0.923	4	-427.97	1166.14408163265	861.042040816327
2482	3	844.337	866.56	847.531	0.93	0.1719	0.1923	0	72	117	0.962	0.998	6	-416.169	1146.72156164384	839.529780821918
2496	1	792.143	799.55	793.207	NA	NA	NA	NA	300	300	1	1	2	-394.071	1094.22308108108	791.182540540541
2496	2	794.112	808.928	796.242	0.404	0.2871	0.3173	1	82	218	0.665	0.894	4	-393.056	1096.31608163265	791.214040816326
2496	3	710.79	733.013	713.985	0.994	0.1086	0.1244	0	82	132	0.998	1	6	-349.395	1013.17356164384	705.981780821918
2513	1	962.236	969.644	963.301	NA	NA	NA	NA	300	300	1	1	2	-479.118	1264.31708108108	961.276540540541
2513	2	900.135	914.95	902.265	0.815	0	0	0	130	170	0.868	0.996	4	-446.068	1202.34008163265	897.238040816326
2513	3	898.018	920.241	901.212	0.847	0.1707	0.1894	0.051	50	130	0.864	0.984	6	-443.009	1200.40156164384	893.209780821918
2548	1	962.236	969.644	963.301	NA	NA	NA	NA	300	300	1	1	2	-479.118	1264.31708108108	961.276540540541
2548	2	900.135	914.95	902.265	0.815	0	0	0	130	170	0.868	0.996	4	-446.068	1202.34008163265	897.238040816326
2548	3	898.018	920.241	901.212	0.847	0.1707	0.1894	0.051	50	130	0.864	0.984	6	-443.009	1200.40156164384	893.209780821918
2583	1	962.236	969.644	963.301	NA	NA	NA	NA	300	300	1	1	2	-479.118	1264.31708108108	961.276540540541
2583	2	900.135	914.95	902.265	0.815	0	0	0	130	170	0.868	0.996	4	-446.068	1202.34008163265	897.238040816326
2583	3	898.018	920.241	901.212	0.847	0.1707	0.1894	0.051	50	130	0.864	0.984	6	-443.009	1200.40156164384	893.209780821918
2609	1	856.358	863.766	857.423	NA	NA	NA	NA	300	300	1	1	2	-426.179	1158.43908108108	855.39854054054
2609	2	848.824	863.639	850.953	0.56	0.0026	0.0043	0	96	204	0.733	0.966	4	-420.412	1151.02808163265	845.926040816326
2609	3	807.652	829.875	810.846	0.974	0.1239	0.1407	0	96	103	0.988	0.999	6	-397.826	1110.03556164384	802.843780821918
2613	1	823.755	831.163	824.82	NA	NA	NA	NA	300	300	1	1	2	-409.877	1125.83508108108	822.794540540541
2613	2	824.178	838.993	826.307	0.562	0.0811	0.0976	1	46	254	0.587	0.936	4	-408.089	1126.38208163265	821.280040816327
2613	3	805.072	827.295	808.266	0.932	0.171	0.1909	0	46	140	0.962	0.998	6	-396.536	1107.45556164384	800.263780821918
2627	1	823.755	831.163	824.82	NA	NA	NA	NA	300	300	1	1	2	-409.877	1125.83508108108	822.794540540541
2627	2	824.178	838.993	826.307	0.562	0.0811	0.0976	1	46	254	0.587	0.936	4	-408.089	1126.38208163265	821.280040816327
2627	3	805.072	827.295	808.266	0.932	0.171	0.1909	0	46	140	0.962	0.998	6	-396.536	1107.45556164384	800.263780821918
2636	1	823.755	831.163	824.82	NA	NA	NA	NA	300	300	1	1	2	-409.877	1125.83508108108	822.794540540541
2636	2	824.178	838.993	826.307	0.562	0.0811	0.0976	1	46	254	0.587	0.936	4	-408.089	1126.38208163265	821.280040816327
2636	3	805.072	827.295	808.266	0.932	0.171	0.1909	0	46	140	0.962	0.998	6	-396.536	1107.45556164384	800.263780821918
2647	1	824.362	831.769	825.427	NA	NA	NA	NA	300	300	1	1	2	-410.181	1126.44308108108	823.40254054054
2647	2	823.08	837.895	825.209	0.445	0.0869	0.1053	1	56	244	0.466	0.98	4	-407.54	1125.28408163265	820.182040816327
2647	3	793.229	815.452	796.424	0.961	0.1356	0.1527	0	56	138	0.981	0.999	6	-390.615	1095.61356164384	788.421780821918
2660	1	962.236	969.644	963.301	NA	NA	NA	NA	300	300	1	1	2	-479.118	1264.31708108108	961.276540540541
2660	2	900.135	914.95	902.265	0.815	0	0	0	130	170	0.868	0.996	4	-446.068	1202.34008163265	897.238040816326
2660	3	898.018	920.241	901.212	0.847	0.1707	0.1894	0.051	50	130	0.864	0.984	6	-443.009	1200.40156164384	893.209780821918
2688	1	949.651	957.058	950.715	NA	NA	NA	NA	300	300	1	1	2	-472.825	1251.73108108108	948.69054054054
2688	2	918.215	933.03	920.345	0.732	0	0	0	130	170	0.867	0.982	4	-455.108	1220.42008163265	915.318040816327
2688	3	914.46	936.683	917.654	0.814	0.07	0.0828	0.0128	70	130	0.852	0.99	6	-451.23	1216.84356164384	909.651780821918
