19	1	119.421	122.799	116.54	NA	NA	NA	NA	40	40	1	1	2	-57.711	162.088666666667	118.755333333333
19	2	114.111	120.867	108.35	0.836	0.0344	0.05	0.0128	9	31	0.88	0.973	4	-53.056	157.876705882353	111.994352941176
19	3	115.394	125.528	106.752	0.841	0.1969	0.2327	0.375	4	26	0.847	0.964	6	-51.697	160.894	112.144
50	1	129.044	132.421	126.163	NA	NA	NA	NA	40	40	1	1	2	-62.522	171.710666666667	128.377333333333
50	2	132.008	138.764	126.246	0.637	0.6012	0.6335	0.5	7	33	0.673	0.965	4	-62.004	175.772705882353	129.890352941176
50	3	133.207	143.341	124.565	0.8	0.187	0.2208	0.5	4	28	0.688	0.949	6	-60.604	178.708	129.958
60	1	113.959	117.337	111.078	NA	NA	NA	NA	40	40	1	1	2	-54.979	156.624666666667	113.291333333333
60	2	115.635	122.39	109.873	0.618	0.2967	0.3444	0.3077	15	25	0.851	0.901	4	-53.817	159.398705882353	113.516352941176
60	3	119.202	129.336	110.56	0.589	0.8189	0.8357	1	8	17	0.73	0.86	6	-53.601	164.702	115.952
74	1	125.033	128.411	122.152	NA	NA	NA	NA	40	40	1	1	2	-60.517	167.700666666667	124.367333333333
74	2	128.752	135.507	122.99	0.677	0.6427	0.6625	1	1	39	0.201	0.994	4	-60.376	172.516705882353	126.634352941176
74	3	128.994	139.127	120.352	0.82	0.3737	0.4367	1	5	23	0.894	0.96	6	-58.497	174.494	125.744
90	1	117.473	120.851	114.592	NA	NA	NA	NA	40	40	1	1	2	-56.736	160.138666666667	116.805333333333
90	2	116.891	123.647	111.13	0.746	0.1209	0.1593	0.2	20	20	0.936	0.939	4	-54.446	160.656705882353	114.774352941176
90	3	119.645	129.778	111.003	0.74	0.54	0.5786	0.4286	9	17	0.852	0.938	6	-53.823	165.146	116.396
108	1	152.84	156.217	149.959	NA	NA	NA	NA	40	40	1	1	2	-74.42	195.506666666667	152.173333333333
108	2	156.17	162.926	150.408	0.935	0.4507	0.4709	1	1	39	0.741	0.995	4	-74.085	199.934705882353	154.052352941176
108	3	158.59	168.723	149.948	0.943	0.1034	0.1232	1	1	38	0.767	0.997	6	-73.295	204.09	155.34
116	1	158.552	161.93	155.671	NA	NA	NA	NA	40	40	1	1	2	-77.276	201.218666666667	157.885333333333
116	2	159.82	166.575	154.058	0.629	0.2633	0.3099	0.3077	18	22	0.882	0.896	4	-75.91	203.584705882353	157.702352941176
116	3	162.066	172.2	153.424	0.739	0.4658	0.5076	1	6	18	0.804	0.961	6	-75.033	207.566	158.816
126	1	157.539	160.916	154.658	NA	NA	NA	NA	40	40	1	1	2	-76.769	200.204666666667	156.871333333333
126	2	154.298	161.054	148.537	0.842	0.2567	0.2953	0.03	18	22	0.956	0.958	4	-73.149	198.062705882353	152.180352941176
126	3	154.184	164.317	145.542	0.899	0.2685	0.2975	0.1429	1	21	0.568	0.984	6	-71.092	199.684	150.934
162	1	148.867	152.244	145.986	NA	NA	NA	NA	40	40	1	1	2	-72.433	191.532666666667	148.199333333333
162	2	151.715	158.471	145.954	0.489	0.5393	0.582	0.5	16	24	0.776	0.876	4	-71.858	195.480705882353	149.598352941176
162	3	153.74	163.873	145.098	0.733	0.4484	0.4974	1	7	19	0.813	0.897	6	-70.87	199.24	150.49
173	1	155.44	158.817	152.559	NA	NA	NA	NA	40	40	1	1	2	-75.72	198.106666666667	154.773333333333
173	2	148.784	155.54	143.023	0.876	0.0139	0.0236	0	20	20	0.965	0.973	4	-70.392	192.548705882353	146.666352941176
173	3	150.315	160.448	141.672	0.826	0.342	0.3885	0.3333	8	18	0.837	0.969	6	-69.157	195.814	147.064
190	1	155.442	158.82	152.561	NA	NA	NA	NA	40	40	1	1	2	-75.721	198.108666666667	154.775333333333
190	2	157.887	164.642	152.125	0.564	0.7034	0.7337	0.5	18	22	0.808	0.918	4	-74.943	201.650705882353	155.768352941176
190	3	158.632	168.765	149.989	0.803	0.4257	0.4527	0.4286	6	19	0.859	0.941	6	-73.316	204.132	155.382
202	1	182.426	185.804	179.546	NA	NA	NA	NA	40	40	1	1	2	-89.213	225.092666666667	181.759333333333
202	2	168.059	174.814	162.297	0.964	0.0206	0.031	0	20	20	0.991	0.994	4	-80.029	211.822705882353	165.940352941176
202	3	169.659	179.792	161.016	0.963	0.2029	0.2293	0.4286	1	20	0.831	0.998	6	-78.829	215.158	166.408
218	1	183.592	186.97	180.712	NA	NA	NA	NA	40	40	1	1	2	-89.796	226.258666666667	182.925333333333
218	2	181.931	188.686	176.169	0.78	0.0815	0.1143	0.1463	19	21	0.941	0.944	4	-86.965	225.694705882353	179.812352941176
218	3	185.836	195.97	177.194	0.589	0.9073	0.9119	1	10	19	0.581	0.967	6	-86.918	231.336	182.586
238	1	192.114	195.492	189.233	NA	NA	NA	NA	40	40	1	1	2	-94.057	234.780666666667	191.447333333333
238	2	164.542	171.298	158.781	0.997	4e-04	9e-04	0	20	20	0.999	1	4	-78.271	208.306705882353	162.424352941176
238	3	162.935	173.068	154.292	0.911	0.0419	0.0609	0	7	20	0.897	1	6	-75.467	208.434	159.684
259	1	186.019	189.397	183.138	NA	NA	NA	NA	40	40	1	1	2	-91.009	228.684666666667	185.351333333333
259	2	177.555	184.311	171.794	0.94	0.2236	0.2567	0	19	21	0.973	0.993	4	-84.778	221.320705882353	175.438352941176
259	3	174.257	184.39	165.614	0.965	0.0197	0.0275	0	1	20	0.827	0.999	6	-81.128	219.756	171.006
279	1	189.408	192.786	186.527	NA	NA	NA	NA	40	40	1	1	2	-92.704	232.074666666667	188.741333333333
279	2	173.454	180.209	167.692	0.945	4e-04	9e-04	0	20	20	0.975	0.99	4	-82.727	217.218705882353	171.336352941176
279	3	176.032	186.165	167.389	0.782	0.5741	0.606	1	10	19	0.769	0.99	6	-82.016	221.532	172.782
294	1	180.215	183.593	177.334	NA	NA	NA	NA	40	40	1	1	2	-88.107	222.880666666667	179.547333333333
294	2	169.163	175.918	163.401	0.917	0.002	0.0041	0	19	21	0.981	0.981	4	-80.581	212.926705882353	167.044352941176
294	3	170.625	180.758	161.983	0.809	0.3678	0.4141	0.2353	10	18	0.783	0.986	6	-79.312	216.124	167.374
305	1	282.602	287.812	281.495	NA	NA	NA	NA	100	100	1	1	2	-139.301	384.852	281.727
305	2	283.74	294.161	281.528	0.965	0.0584	0.0713	0.2667	1	99	0.545	1	4	-137.87	386.37829787234	281.05914893617
305	3	284.56	300.191	281.242	0.748	0.3996	0.4498	1	3	67	0.814	0.939	6	-136.28	387.777391304348	280.168695652174
315	1	299.281	304.492	298.175	NA	NA	NA	NA	100	100	1	1	2	-147.641	401.532	298.407
315	2	300.993	311.414	298.781	0.696	0.1487	0.1746	0.6667	10	90	0.579	0.969	4	-146.496	403.63029787234	298.31114893617
315	3	302.555	318.186	299.236	0.674	0.3446	0.3875	0.6667	10	58	0.785	0.882	6	-145.277	405.771391304348	298.162695652174
335	1	308.904	314.114	307.798	NA	NA	NA	NA	100	100	1	1	2	-152.452	411.154	308.029
335	2	312.467	322.888	310.255	0.955	0.4444	0.4639	1	1	99	0.554	0.996	4	-152.234	415.10629787234	309.78714893617
335	3	315.597	331.228	312.279	0.616	0.7002	0.7268	1	1	57	0.742	0.859	6	-151.799	418.815391304348	311.206695652174
351	1	309.671	314.881	308.565	NA	NA	NA	NA	100	100	1	1	2	-152.835	411.92	308.795
351	2	312.442	322.863	310.23	0.416	0.6277	0.6617	0.6667	50	50	0.811	0.817	4	-152.221	415.08029787234	309.76114893617
351	3	312.94	328.571	309.622	0.723	0.2376	0.2717	0.2174	11	57	0.723	0.919	6	-150.47	416.157391304348	308.548695652174
369	1	287.239	292.45	286.133	NA	NA	NA	NA	100	100	1	1	2	-141.62	389.49	286.365
369	2	290.77	301.191	288.558	0.879	0.4671	0.4898	1	1	99	0.236	0.997	4	-141.385	393.40829787234	288.08914893617
369	3	292.851	308.482	289.532	0.677	0.5209	0.5653	0.5	2	63	0.563	0.895	6	-140.425	396.067391304348	288.458695652174
387	1	309.648	314.858	308.542	NA	NA	NA	NA	100	100	1	1	2	-152.824	411.898	308.773
387	2	310.646	321.067	308.434	0.533	0.445	0.4739	0.2667	21	79	0.625	0.926	4	-151.323	413.28429787234	307.96514893617
387	3	306.59	322.221	303.272	0.793	0.0074	0.0111	0.04	6	50	0.825	0.926	6	-147.295	409.807391304348	302.198695652174
418	1	376.774	381.984	375.668	NA	NA	NA	NA	100	100	1	1	2	-186.387	479.024	375.899
418	2	362.646	373.067	360.434	0.789	4e-04	0.001	0	47	53	0.93	0.942	4	-177.323	465.28429787234	359.96514893617
418	3	363.067	378.698	359.749	0.767	0.3584	0.395	0.12	23	43	0.738	0.958	6	-175.534	466.285391304348	358.676695652174
443	1	391.567	396.778	390.461	NA	NA	NA	NA	100	100	1	1	2	-193.784	493.818	390.693
443	2	392.946	403.367	390.734	0.525	0.2913	0.335	0.6667	43	57	0.833	0.875	4	-192.473	495.58429787234	390.26514893617
443	3	396.705	412.336	393.387	0.513	0.866	0.8756	1	15	49	0.561	0.855	6	-192.353	499.923391304348	392.314695652174
453	1	386.162	391.373	385.056	NA	NA	NA	NA	100	100	1	1	2	-191.081	488.412	385.287
453	2	368.2	378.621	365.988	0.817	1e-04	2e-04	0	47	53	0.927	0.959	4	-180.1	470.83829787234	365.51914893617
453	3	368.192	383.823	364.873	0.772	0.2284	0.2657	0.1176	22	41	0.738	0.954	6	-178.096	471.409391304348	363.800695652174
485	1	406.31	411.52	405.204	NA	NA	NA	NA	100	100	1	1	2	-201.155	508.56	405.435
485	2	404.988	415.409	402.776	0.616	0.139	0.1685	0.0789	46	54	0.872	0.898	4	-198.494	507.62629787234	402.30714893617
485	3	406.101	421.732	402.783	0.738	0.1406	0.1666	0.2667	8	49	0.697	0.912	6	-197.051	509.319391304348	401.710695652174
507	1	442.375	447.585	441.269	NA	NA	NA	NA	100	100	1	1	2	-219.187	544.624	441.499
507	2	400.163	410.584	397.951	0.939	0	0	0	48	52	0.983	0.986	4	-196.082	502.80229787234	397.48314893617
507	3	402.526	418.157	399.208	0.815	0.4663	0.5024	0.4286	12	50	0.626	0.987	6	-195.263	505.743391304348	398.134695652174
521	1	451.294	456.504	450.188	NA	NA	NA	NA	100	100	1	1	2	-223.647	553.544	450.419
521	2	432.311	442.731	430.098	0.843	0	1e-04	0	48	52	0.933	0.978	4	-212.155	534.94829787234	429.62914893617
521	3	435.066	450.697	431.747	0.7	0.5542	0.5844	0.6667	23	47	0.669	0.969	6	-211.533	538.283391304348	430.674695652174
540	1	440.985	446.196	439.879	NA	NA	NA	NA	100	100	1	1	2	-218.493	543.236	440.111
540	2	415.738	426.159	413.526	0.903	0	0	0	50	50	0.968	0.982	4	-203.869	518.37629787234	413.05714893617
540	3	417.133	432.764	413.815	0.808	0.2911	0.3226	0.6667	13	50	0.728	0.988	6	-202.567	520.351391304348	412.742695652174
556	1	442.601	447.811	441.495	NA	NA	NA	NA	100	100	1	1	2	-219.301	544.852	441.727
556	2	406.545	416.966	404.333	0.943	4e-04	8e-04	0	47	53	0.987	0.988	4	-199.272	509.18229787234	403.86314893617
556	3	404.863	420.494	401.544	0.947	0.0174	0.0246	0.04	3	50	0.835	0.994	6	-196.431	508.079391304348	400.470695652174
604	1	960.441	967.849	961.506	NA	NA	NA	NA	300	300	1	1	2	-478.221	1262.52308108108	959.482540540541
604	2	963.737	978.552	965.866	0.36	0.5837	0.608	1	42	258	0.377	0.94	4	-477.868	1265.94008163265	960.838040816326
604	3	965.308	987.531	968.502	0.604	0.4577	0.4909	0.6	37	200	0.697	0.893	6	-476.654	1267.69156164384	960.499780821918
620	1	897.629	905.036	898.694	NA	NA	NA	NA	300	300	1	1	2	-446.814	1199.70908108108	896.668540540541
620	2	899.964	914.779	902.093	0.745	0.6034	0.6239	1	7	293	0.22	0.991	4	-445.982	1202.16808163265	897.066040816327
620	3	903.127	925.35	906.321	0.514	0.5228	0.5331	0.6667	7	167	0.413	0.791	6	-445.563	1205.50956164384	898.317780821918
636	1	928.229	935.636	929.294	NA	NA	NA	NA	300	300	1	1	2	-462.114	1230.30908108108	927.26854054054
636	2	930.615	945.43	932.744	0.346	0.5194	0.5521	1	135	165	0.754	0.809	4	-461.307	1232.81808163265	927.716040816327
636	3	934.003	956.226	937.197	0.606	0.4248	0.4438	0.6667	2	175	0.328	0.841	6	-461.001	1236.38556164384	929.193780821918
653	1	917.918	925.325	918.983	NA	NA	NA	NA	300	300	1	1	2	-456.959	1219.99908108108	916.958540540541
653	2	921.815	936.63	923.945	0.136	0.9359	0.9395	1	127	173	0.606	0.732	4	-456.908	1224.02008163265	918.918040816327
653	3	920.348	942.571	923.542	0.667	0.0372	0.0463	0.1579	18	203	0.632	0.911	6	-454.174	1222.73156164384	915.539780821918
689	1	946.82	954.227	947.884	NA	NA	NA	NA	300	300	1	1	2	-471.41	1248.90108108108	945.860540540541
689	2	949.766	964.581	951.895	0.446	0.4285	0.4556	1	29	271	0.324	0.959	4	-470.883	1251.97008163265	946.868040816326
689	3	948.183	970.406	951.377	0.66	0.1545	0.1842	0.1765	33	191	0.696	0.898	6	-468.091	1250.56556164384	943.373780821918
707	1	1154.055	1161.463	1155.12	NA	NA	NA	NA	300	300	1	1	2	-575.028	1456.13708108108	1153.09654054054
707	2	1132.35	1147.165	1134.48	0.697	0	0	0	145	155	0.913	0.915	4	-562.175	1434.55408163265	1129.45204081633
707	3	1136.262	1158.485	1139.456	0.567	0.9542	0.9572	1	19	150	0.162	0.932	6	-562.131	1438.64556164384	1131.45378082192
719	1	1159.647	1167.054	1160.711	NA	NA	NA	NA	300	300	1	1	2	-577.823	1461.72708108108	1158.68654054054
719	2	1112.308	1127.123	1114.438	0.785	0	0	0	133	167	0.923	0.948	4	-552.154	1414.51208163265	1109.41004081633
719	3	1109.155	1131.378	1112.35	0.736	0.049	0.0627	0.0404	77	113	0.771	0.95	6	-548.578	1411.53956164384	1104.34778082192
757	1	1165.576	1172.984	1166.641	NA	NA	NA	NA	300	300	1	1	2	-580.788	1467.65708108108	1164.61654054054
757	2	1150.716	1165.531	1152.845	0.644	1e-04	3e-04	0	148	152	0.889	0.902	4	-571.358	1452.92008163265	1147.81804081633
757	3	1154.468	1176.69	1157.662	0.524	0.9248	0.9308	1	67	131	0.498	0.894	6	-571.234	1456.85156164384	1149.65978082192
777	1	1138.954	1146.361	1140.018	NA	NA	NA	NA	300	300	1	1	2	-567.477	1441.03508108108	1137.99454054054
777	2	1117.492	1132.307	1119.622	0.707	1e-04	2e-04	0	144	156	0.914	0.919	4	-554.746	1419.69608163265	1114.59404081633
777	3	1116.231	1138.453	1119.425	0.74	0.0426	0.0533	0.2083	23	143	0.633	0.937	6	-552.115	1418.61356164384	1111.42178082192
795	1	1154.115	1161.523	1155.18	NA	NA	NA	NA	300	300	1	1	2	-575.058	1456.19708108108	1153.15654054054
795	2	1140.363	1155.178	1142.492	0.637	1e-04	3e-04	0	150	150	0.887	0.905	4	-566.181	1442.56608163265	1137.46404081633
795	3	1143.782	1166.005	1146.976	0.512	0.7223	0.7391	1	68	129	0.652	0.891	6	-565.891	1446.16556164384	1138.97378082192
812	1	1323.479	1330.886	1324.544	NA	NA	NA	NA	300	300	1	1	2	-659.739	1625.55908108108	1322.51854054054
812	2	1225.865	1240.681	1227.995	0.914	0	0	0	149	151	0.974	0.981	4	-608.933	1528.07008163265	1222.96804081633
812	3	1227.245	1249.468	1230.439	0.8	0.2292	0.2571	0.3333	13	147	0.342	0.979	6	-607.623	1529.62956164384	1222.43778082192
830	1	1320.136	1327.544	1321.201	NA	NA	NA	NA	300	300	1	1	2	-658.068	1622.21708108108	1319.17654054054
830	2	1220.557	1235.372	1222.687	0.901	0	0	0	149	151	0.97	0.974	4	-606.279	1522.76208163265	1217.66004081633
830	3	1222.635	1244.858	1225.829	0.798	0.3732	0.4043	0.6667	27	138	0.516	0.961	6	-605.317	1525.01756164384	1217.82578082192
849	1	1316.732	1324.139	1317.797	NA	NA	NA	NA	300	300	1	1	2	-656.366	1618.81308108108	1315.77254054054
849	2	1205.631	1220.446	1207.761	0.932	0	0	0	149	151	0.981	0.985	4	-598.816	1507.83608163265	1202.73404081633
849	3	1205.181	1227.404	1208.375	0.797	0.0583	0.072	0.1132	28	150	0.551	0.988	6	-596.591	1507.56556164384	1200.37378082192
887	1	1331.766	1339.174	1332.831	NA	NA	NA	NA	300	300	1	1	2	-663.883	1633.84708108108	1330.80654054054
887	2	1233.139	1247.955	1235.269	0.908	0	0	0	148	152	0.973	0.98	4	-612.57	1535.34408163265	1230.24204081633
887	3	1234.921	1257.144	1238.116	0.938	0.1166	0.131	0.6667	1	151	0.664	0.979	6	-611.461	1537.30556164384	1230.11378082192
904	1	105.625	109.003	102.744	NA	NA	NA	NA	40	40	1	1	2	-50.813	148.292666666667	104.959333333333
904	2	109.549	116.304	103.787	0.718	0.8254	0.8308	1	1	39	0.21	0.989	4	-50.774	153.312705882353	107.430352941176
904	3	112.496	122.629	103.854	0.768	0.3968	0.4291	1	1	33	0.709	0.955	6	-50.248	157.996	109.246
924	1	101.139	104.517	98.259	NA	NA	NA	NA	40	40	1	1	2	-48.57	143.806666666667	100.473333333333
924	2	103.534	110.29	97.773	0.61	0.4797	0.5201	0.5	9	31	0.725	0.934	4	-47.767	147.298705882353	101.416352941176
924	3	107.342	117.476	98.7	0.636	0.6359	0.6467	1	1	24	0.408	0.869	6	-47.671	152.842	104.092
934	1	106.615	109.992	103.734	NA	NA	NA	NA	40	40	1	1	2	-51.307	149.280666666667	105.947333333333
934	2	103.595	110.351	97.834	0.831	0.0352	0.0548	0.04	19	21	0.956	0.963	4	-47.798	147.360705882353	101.478352941176
934	3	107.558	117.692	98.916	0.664	0.9235	0.926	1	3	19	0.341	0.967	6	-47.779	153.058	104.308
969	1	109.966	113.344	107.086	NA	NA	NA	NA	40	40	1	1	2	-52.983	152.632666666667	109.299333333333
969	2	110.045	116.8	104.283	0.726	0.2054	0.2553	0.2	18	22	0.91	0.935	4	-51.022	153.808705882353	107.926352941176
969	3	113.602	123.735	104.959	0.777	0.7424	0.7587	0.6	3	20	0.795	0.95	6	-50.801	159.102	110.352
981	1	113.626	117.004	110.746	NA	NA	NA	NA	40	40	1	1	2	-54.813	156.292666666667	112.959333333333
981	2	116.058	122.814	110.296	0.519	0.5528	0.5926	0.5	17	23	0.802	0.872	4	-54.029	159.822705882353	113.940352941176
981	3	115.308	125.442	106.666	0.847	0.2078	0.2469	0.2083	8	18	0.928	0.951	6	-51.654	160.808	112.058
1000	1	89.162	92.54	86.281	NA	NA	NA	NA	40	40	1	1	2	-42.581	131.828666666667	88.4953333333333
1000	2	90.442	97.197	84.68	0.731	0.1577	0.1949	0.3077	7	33	0.756	0.982	4	-41.221	134.206705882353	88.3243529411765
1000	3	90.41	100.544	81.768	0.831	0.2607	0.3144	1	7	19	0.918	0.971	6	-39.205	135.91	87.16
1013	1	153.886	157.264	151.006	NA	NA	NA	NA	40	40	1	1	2	-74.943	196.552666666667	153.219333333333
1013	2	137.411	144.167	131.65	0.965	6e-04	0.0015	0	19	21	0.977	0.998	4	-64.706	181.176705882353	135.294352941176
1013	3	141.131	151.264	132.489	0.894	0.6649	0.6803	1	1	20	0.408	0.982	6	-64.565	186.63	137.88
1023	1	155.288	158.666	152.407	NA	NA	NA	NA	40	40	1	1	2	-75.644	197.954666666667	154.621333333333
1023	2	125.035	131.791	119.274	0.998	0	0	0	20	20	1	1	4	-58.518	168.800705882353	122.918352941176
1023	3	128.562	138.695	119.919	0.784	0.7138	0.7341	1	9	20	0.769	1	6	-58.281	174.062	125.312
1040	1	149.948	153.325	147.067	NA	NA	NA	NA	40	40	1	1	2	-72.974	192.614666666667	149.281333333333
1040	2	135.508	142.264	129.747	0.948	5e-04	0.0012	0	20	20	0.978	0.997	4	-63.754	179.272705882353	133.390352941176
1040	3	136.815	146.948	128.172	0.865	0.3523	0.3923	0.3333	9	20	0.871	0.998	6	-62.407	182.314	133.564
1048	1	151.165	154.542	148.284	NA	NA	NA	NA	40	40	1	1	2	-73.582	193.830666666667	150.497333333333
1048	2	132.671	139.427	126.91	0.963	2e-04	6e-04	0	19	21	0.984	0.999	4	-62.336	176.436705882353	130.554352941176
1048	3	136.314	146.448	127.672	0.87	0.6331	0.6511	1	3	21	0.663	0.994	6	-62.157	181.814	133.064
1057	1	153.939	157.316	151.058	NA	NA	NA	NA	40	40	1	1	2	-74.969	196.604666666667	153.271333333333
1057	2	143.883	150.638	138.121	0.899	0.0029	0.006	0	20	20	0.971	0.975	4	-67.941	187.646705882353	141.764352941176
1057	3	146.856	156.99	138.214	0.787	0.7297	0.7541	1	6	18	0.646	0.965	6	-67.428	192.356	143.606
1080	1	155.596	158.973	152.715	NA	NA	NA	NA	40	40	1	1	2	-75.798	198.262666666667	154.929333333333
1080	2	150.906	157.661	145.144	0.883	0.3506	0.3867	0.02	19	21	0.961	0.985	4	-71.453	194.670705882353	148.788352941176
1080	3	144.334	154.468	135.692	0.943	0.1114	0.1337	0	2	19	0.741	0.997	6	-66.167	189.834	141.084
1113	1	174.974	178.352	172.093	NA	NA	NA	NA	40	40	1	1	2	-85.487	217.640666666667	174.307333333333
1113	2	140.683	147.439	134.922	0.979	9e-04	0.0019	0	19	21	0.986	1	4	-66.342	184.448705882353	138.566352941176
1113	3	143.173	153.307	134.531	0.974	0.3131	0.336	1	1	20	0.837	0.999	6	-65.587	188.674	139.924
1123	1	173.478	176.856	170.597	NA	NA	NA	NA	40	40	1	1	2	-84.739	216.144666666667	172.811333333333
1123	2	145.944	152.7	140.183	0.997	0	0	0	20	20	0.999	1	4	-68.972	189.708705882353	143.826352941176
1123	3	148.291	158.424	139.649	0.863	0.33	0.37	0.5	5	20	0.722	1	6	-68.145	193.79	145.04
1145	1	181.466	184.844	178.586	NA	NA	NA	NA	40	40	1	1	2	-88.733	224.132666666667	180.799333333333
1145	2	159.342	166.098	153.581	0.995	0.0174	0.0261	0	20	20	0.999	1	4	-75.671	203.106705882353	157.224352941176
1145	3	158.147	168.281	149.505	0.975	0.0274	0.0382	0.0638	1	20	0.7	1	6	-73.074	203.648	154.898
1181	1	184.439	187.817	181.559	NA	NA	NA	NA	40	40	1	1	2	-90.22	227.106666666667	183.773333333333
1181	2	155.939	162.695	150.178	0.98	0.0013	0.0026	0	20	20	0.992	1	4	-73.97	199.704705882353	153.822352941176
1181	3	157.677	167.81	149.035	0.928	0.5111	0.5334	0.5	3	20	0.874	1	6	-72.839	203.178	154.428
1198	1	183.59	186.968	180.71	NA	NA	NA	NA	40	40	1	1	2	-89.795	226.256666666667	182.923333333333
1198	2	167.299	174.055	161.538	0.97	4e-04	9e-04	0	20	20	0.992	0.998	4	-79.65	211.064705882353	165.182352941176
1198	3	169.402	179.535	160.759	0.846	0.4378	0.4751	0.4286	7	20	0.787	0.999	6	-78.701	214.902	166.152
1214	1	266.797	272.007	265.691	NA	NA	NA	NA	100	100	1	1	2	-131.398	369.046	265.921
1214	2	268.47	278.89	266.257	0.977	0.0599	0.0726	0.6667	1	99	0.721	0.999	4	-130.235	371.10829787234	265.78914893617
1214	3	262.193	277.824	258.874	0.819	0.0345	0.0506	0.04	2	58	0.891	0.96	6	-125.096	365.409391304348	257.800695652174
1254	1	241.534	246.745	240.428	NA	NA	NA	NA	100	100	1	1	2	-118.767	343.784	240.659
1254	2	241.953	252.374	239.741	0.588	0.2747	0.3163	0.25	39	61	0.848	0.903	4	-116.977	344.59229787234	239.27314893617
1254	3	245.292	260.923	241.974	0.706	0.4639	0.4837	0.6667	3	57	0.497	0.927	6	-116.646	348.509391304348	240.900695652174
1272	1	259.978	265.189	258.872	NA	NA	NA	NA	100	100	1	1	2	-127.989	362.228	259.103
1272	2	260.016	270.437	257.804	0.559	0.1243	0.1537	0.2143	38	62	0.813	0.902	4	-126.008	362.65429787234	257.33514893617
1272	3	261.341	276.972	258.023	0.682	0.334	0.3774	0.2083	24	46	0.847	0.87	6	-124.671	364.559391304348	256.950695652174
1289	1	264.416	269.626	263.309	NA	NA	NA	NA	100	100	1	1	2	-130.208	366.666	263.541
1289	2	264.602	275.023	262.39	0.699	0.0535	0.069	0.2143	10	90	0.566	0.979	4	-128.301	367.24029787234	261.92114893617
1289	3	261.844	277.475	258.525	0.766	0.0463	0.0626	0.05	8	52	0.879	0.903	6	-124.922	365.061391304348	257.452695652174
1333	1	377.237	382.447	376.13	NA	NA	NA	NA	100	100	1	1	2	-186.618	479.486	376.361
1333	2	351.008	361.429	348.796	0.926	0.001	0.0018	0	49	51	0.981	0.985	4	-171.504	453.64629787234	348.32714893617
1333	3	346.103	361.735	342.785	0.92	0.0275	0.0371	0	8	49	0.907	0.996	6	-167.052	449.321391304348	341.712695652174
1347	1	353.67	358.881	352.564	NA	NA	NA	NA	100	100	1	1	2	-174.835	455.92	352.795
1347	2	304.545	314.966	302.332	0.957	0	0	0	49	51	0.986	0.992	4	-148.272	407.18229787234	301.86314893617
1347	3	303.729	319.36	300.41	0.816	0.3091	0.3443	0.0882	16	49	0.751	0.996	6	-145.864	406.945391304348	299.336695652174
1375	1	364.144	369.354	363.038	NA	NA	NA	NA	100	100	1	1	2	-180.072	466.394	363.269
1375	2	342.96	353.381	340.748	0.867	1e-04	2e-04	0	46	54	0.946	0.975	4	-167.48	445.59829787234	340.27914893617
1375	3	343.229	358.86	339.91	0.771	0.1792	0.2113	0.3333	20	44	0.755	0.978	6	-165.614	446.445391304348	338.836695652174
1390	1	365.879	371.09	364.773	NA	NA	NA	NA	100	100	1	1	2	-180.94	468.13	365.005
1390	2	323.805	334.226	321.593	0.947	0	0	0	46	54	0.977	0.99	4	-157.903	426.44429787234	321.12514893617
1390	3	324.185	339.816	320.867	0.834	0.1373	0.1658	0.25	14	45	0.737	0.988	6	-156.093	427.403391304348	319.794695652174
1407	1	435.246	440.456	434.139	NA	NA	NA	NA	100	100	1	1	2	-215.623	537.496	434.371
1407	2	339.584	350.005	337.372	0.997	0	0	0	50	50	0.999	1	4	-165.792	442.22229787234	336.90314893617
1407	3	338.594	354.225	335.275	0.911	0.2312	0.2541	0.1395	8	50	0.747	1	6	-163.297	441.811391304348	334.202695652174
1440	1	431.692	436.902	430.586	NA	NA	NA	NA	100	100	1	1	2	-213.846	533.942	430.817
1440	2	351.281	361.701	349.068	0.989	0	0	0	49	51	0.997	1	4	-171.64	453.91829787234	348.59914893617
1440	3	353.918	369.549	350.6	0.936	0.2617	0.2939	0.3333	3	49	0.561	0.999	6	-170.959	457.135391304348	349.526695652174
1460	1	434.951	440.161	433.844	NA	NA	NA	NA	100	100	1	1	2	-215.475	537.2	434.075
1460	2	358.193	368.614	355.981	0.988	0	0	0	50	50	0.996	1	4	-175.097	460.83229787234	355.51314893617
1460	3	361.297	376.928	357.978	0.898	0.3906	0.422	0.6	3	50	0.403	0.999	6	-174.648	464.513391304348	356.904695652174
1479	1	437.464	442.674	436.358	NA	NA	NA	NA	100	100	1	1	2	-216.732	539.714	436.589
1479	2	346.631	357.051	344.418	0.997	0	0	0	50	50	0.999	1	4	-169.315	449.26829787234	343.94914893617
1479	3	350.611	366.242	347.293	0.786	0.8917	0.8942	1	0	50	0	1	6	-169.306	453.829391304348	346.220695652174
1494	1	425.899	431.109	424.793	NA	NA	NA	NA	100	100	1	1	2	-210.949	528.148	425.023
1494	2	343.773	354.194	341.561	0.987	0	0	0	50	50	0.991	1	4	-167.887	446.41229787234	341.09314893617
1494	3	344.302	359.933	340.984	0.895	0.2991	0.3252	0.1714	8	49	0.738	0.992	6	-166.151	447.519391304348	339.910695652174
1512	1	762.54	769.948	763.605	NA	NA	NA	NA	300	300	1	1	2	-379.27	1064.62108108108	761.58054054054
1512	2	763.22	778.035	765.35	0.402	0.4815	0.5056	1	134	166	0.788	0.825	4	-377.61	1065.42408163265	760.322040816327
1512	3	758.646	780.869	761.841	0.691	0.0664	0.0781	0	19	165	0.658	0.885	6	-373.323	1061.02956164384	753.837780821918
1536	1	762.155	769.563	763.22	NA	NA	NA	NA	300	300	1	1	2	-379.077	1064.23508108108	761.194540540541
1536	2	760.329	775.145	762.459	0.895	0.0253	0.0333	0.04	7	293	0.466	0.992	4	-376.165	1062.53408163265	757.432040816327
1536	3	763.663	785.886	766.857	0.56	0.8987	0.9096	1	10	164	0.711	0.81	6	-375.832	1066.04756164384	758.855780821918
1561	1	719.737	727.144	720.802	NA	NA	NA	NA	300	300	1	1	2	-357.868	1021.81708108108	718.776540540541
1561	2	718.652	733.467	720.781	0.527	0.0573	0.0712	1	55	245	0.586	0.945	4	-355.326	1020.85608163265	715.754040816327
1561	3	721.741	743.964	724.935	0.505	0.6825	0.7037	1	49	198	0.544	0.856	6	-354.871	1024.12556164384	716.933780821918
1574	1	728.983	736.391	730.048	NA	NA	NA	NA	300	300	1	1	2	-362.492	1031.06508108108	728.024540540541
1574	2	726.376	741.191	728.506	0.811	0.0115	0.0154	0	13	287	0.492	0.989	4	-359.188	1028.58008163265	723.478040816326
1574	3	729.578	751.8	732.772	0.519	0.7293	0.7488	1	13	173	0.697	0.797	6	-358.789	1031.96156164384	724.769780821918
1602	1	1123.208	1130.616	1124.273	NA	NA	NA	NA	300	300	1	1	2	-559.604	1425.28908108108	1122.24854054054
1602	2	1039.207	1054.022	1041.337	0.906	0	0	0	146	154	0.971	0.98	4	-515.604	1341.41208163265	1036.31004081633
1602	3	1016.349	1038.572	1019.543	0.892	0	0	0	23	143	0.761	0.985	6	-502.174	1318.73156164384	1011.53978082192
1611	1	1141.515	1148.923	1142.58	NA	NA	NA	NA	300	300	1	1	2	-568.758	1443.59708108108	1140.55654054054
1611	2	1040.509	1055.324	1042.639	0.923	0	0	0	144	156	0.979	0.983	4	-516.255	1342.71408163265	1037.61204081633
1611	3	1033.948	1056.171	1037.142	0.889	0.0746	0.0883	0	10	149	0.524	0.98	6	-510.974	1336.33156164384	1029.13978082192
1632	1	1091.599	1099.006	1092.664	NA	NA	NA	NA	300	300	1	1	2	-543.799	1393.67908108108	1090.63854054054
1632	2	1026.859	1041.674	1028.988	0.864	0	0	0	149	151	0.962	0.966	4	-509.429	1329.06208163265	1023.96004081633
1632	3	1005.816	1028.039	1009.011	0.893	0	0	0	15	145	0.761	0.979	6	-496.908	1308.19956164384	1001.00778082192
1643	1	1130.299	1137.707	1131.364	NA	NA	NA	NA	300	300	1	1	2	-563.149	1432.37908108108	1129.33854054054
1643	2	1058.036	1072.851	1060.166	0.875	0	0	0	149	151	0.963	0.971	4	-525.018	1360.24008163265	1055.13804081633
1643	3	1061.641	1083.864	1064.835	0.708	0.6132	0.6331	1	13	148	0.224	0.969	6	-524.82	1364.02356164384	1056.83178082192
1652	1	1112.39	1119.798	1113.455	NA	NA	NA	NA	300	300	1	1	2	-554.195	1414.47108108108	1111.43054054054
1652	2	1017.884	1032.699	1020.013	0.904	0	0	0	149	151	0.969	0.981	4	-504.942	1320.08808163265	1014.98604081633
1652	3	1017.082	1039.304	1020.276	0.749	0.1652	0.1898	0.1071	41	145	0.616	0.983	6	-502.541	1319.46556164384	1012.27378082192
1676	1	1121.558	1128.965	1122.622	NA	NA	NA	NA	300	300	1	1	2	-558.779	1423.63908108108	1120.59854054054
1676	2	1009.125	1023.94	1011.255	0.925	0	0	0	144	156	0.976	0.985	4	-500.563	1311.33008163265	1006.22804081633
1676	3	1008.04	1030.262	1011.234	0.742	0.2398	0.2657	0.1017	57	142	0.681	0.986	6	-498.02	1310.42356164384	1003.23178082192
1695	1	1108.733	1116.14	1109.798	NA	NA	NA	NA	300	300	1	1	2	-552.366	1410.81308108108	1107.77254054054
1695	2	997.329	1012.144	999.459	0.935	0	0	0	139	161	0.981	0.986	4	-494.665	1299.53408163265	994.432040816327
1695	3	977.181	999.404	980.376	0.927	0	0	0	15	147	0.793	0.99	6	-482.591	1279.56556164384	972.373780821918
1704	1	1291.557	1298.965	1292.622	NA	NA	NA	NA	300	300	1	1	2	-643.779	1593.63908108108	1290.59854054054
1704	2	1079.838	1094.653	1081.967	0.992	0	0	0	150	150	0.998	0.999	4	-535.919	1382.04208163265	1076.94004081633
1704	3	1078.739	1100.962	1081.934	0.951	0.0218	0.0279	0.1304	5	150	0.501	1	6	-533.37	1381.12356164384	1073.93178082192
1724	1	1306.415	1313.823	1307.48	NA	NA	NA	NA	300	300	1	1	2	-651.208	1608.49708108108	1305.45654054054
1724	2	1057.692	1072.508	1059.822	0.994	0	0	0	150	150	0.997	1	4	-524.846	1359.89608163265	1054.79404081633
1724	3	1056.962	1079.184	1060.156	0.952	0.088	0.1057	0.1132	3	150	0.337	1	6	-522.481	1359.34556164384	1052.15378082192
1742	1	1287.902	1295.309	1288.966	NA	NA	NA	NA	300	300	1	1	2	-641.951	1589.98308108108	1286.94254054054
1742	2	1016.73	1031.545	1018.859	0.995	0	0	0	149	151	0.998	1	4	-504.365	1318.93408163265	1013.83204081633
1742	3	1015.008	1037.23	1018.202	0.995	0.0148	0.019	0.1071	1	150	0.9	1	6	-501.504	1317.39156164384	1010.19978082192
1766	1	1278.185	1285.592	1279.25	NA	NA	NA	NA	300	300	1	1	2	-637.092	1580.26508108108	1277.22454054054
1766	2	1055.614	1070.43	1057.744	0.985	0	0	0	149	151	0.995	0.997	4	-523.807	1357.81808163265	1052.71604081633
1766	3	1056.045	1078.267	1059.239	0.872	0.0567	0.0693	0.1304	18	150	0.53	0.997	6	-522.022	1358.42756164384	1051.23578082192
1795	1	1275.353	1282.76	1276.418	NA	NA	NA	NA	300	300	1	1	2	-635.676	1577.43308108108	1274.39254054054
1795	2	1016.207	1031.022	1018.336	0.992	0	0	0	150	150	0.997	0.999	4	-504.103	1318.41008163265	1013.30804081633
1795	3	1017.708	1039.931	1020.902	0.825	0.2218	0.2452	0.3333	16	149	0.358	0.996	6	-502.854	1320.09156164384	1012.89978082192
1809	1	147.145	150.523	144.264	NA	NA	NA	NA	40	40	1	1	2	-71.572	189.810666666667	146.477333333333
1809	2	142.027	148.782	136.265	0.787	0.0266	0.0407	0.0128	17	23	0.834	0.994	4	-67.013	185.790705882353	139.908352941176
1809	3	141.851	151.984	133.208	0.837	0.0525	0.0676	0.2	7	17	0.777	0.993	6	-64.925	187.35	138.6
1839	1	147.654	151.032	144.773	NA	NA	NA	NA	40	40	1	1	2	-71.827	190.320666666667	146.987333333333
1839	2	144.964	151.72	139.203	0.719	0.0639	0.0883	0.05	15	25	0.792	0.99	4	-68.482	188.728705882353	142.846352941176
1839	3	140.943	151.076	132.3	0.856	0.0259	0.0362	0.02	9	16	0.806	0.998	6	-64.471	186.442	137.692
1887	1	139.194	142.571	136.313	NA	NA	NA	NA	40	40	1	1	2	-67.597	181.860666666667	138.527333333333
1887	2	127.532	134.288	121.77	0.91	7e-04	0.0019	0	18	22	0.945	0.999	4	-59.766	171.296705882353	125.414352941176
1887	3	131.279	141.413	122.637	0.846	0.5467	0.58	1	4	18	0.778	0.979	6	-59.64	176.78	128.03
1907	1	130.956	134.334	128.075	NA	NA	NA	NA	40	40	1	1	2	-63.478	173.622666666667	130.289333333333
1907	2	130.483	137.239	124.722	0.755	0.1653	0.2081	0.2	17	23	0.922	0.968	4	-61.242	174.248705882353	128.366352941176
1907	3	132.702	142.835	124.059	0.809	0.3386	0.378	0.5	11	17	0.845	0.996	6	-60.351	178.202	129.452
1924	1	127.056	130.434	124.175	NA	NA	NA	NA	40	40	1	1	2	-61.528	169.722666666667	126.389333333333
1924	2	125.522	132.278	119.761	0.767	0.0636	0.0895	0.1463	10	30	0.82	0.99	4	-58.761	169.286705882353	123.404352941176
1924	3	128.528	138.661	119.885	0.829	0.7022	0.7315	1	9	21	0.859	0.987	6	-58.264	174.028	125.278
1935	1	121.667	125.045	118.786	NA	NA	NA	NA	40	40	1	1	2	-58.833	164.332666666667	120.999333333333
1935	2	123.839	130.595	118.078	0.602	0.396	0.4454	0.5	11	29	0.759	0.963	4	-57.92	167.604705882353	121.722352941176
1935	3	125.13	135.264	116.488	0.925	0.7294	0.7577	0.3333	11	16	0.956	0.998	6	-56.565	170.63	121.88
1949	1	147.145	150.523	144.264	NA	NA	NA	NA	40	40	1	1	2	-71.572	189.810666666667	146.477333333333
1949	2	142.027	148.782	136.265	0.787	0.0266	0.0407	0.0128	17	23	0.834	0.994	4	-67.013	185.790705882353	139.908352941176
1949	3	141.851	151.984	133.208	0.837	0.0525	0.0676	0.2	7	17	0.777	0.993	6	-64.925	187.35	138.6
1970	1	125.449	128.826	122.568	NA	NA	NA	NA	40	40	1	1	2	-60.724	168.114666666667	124.781333333333
1970	2	125.33	132.086	119.569	0.774	0.1587	0.1964	0.2	12	28	0.939	0.95	4	-58.665	169.094705882353	123.212352941176
1970	3	125.808	135.941	117.166	0.896	0.6105	0.6479	0.1765	12	15	0.932	1	6	-56.904	171.308	122.558
1988	1	118.478	121.856	115.598	NA	NA	NA	NA	40	40	1	1	2	-57.239	161.144666666667	117.811333333333
1988	2	122.043	128.798	116.281	0.406	0.7345	0.7586	1	9	31	0.565	0.94	4	-57.021	165.806705882353	119.924352941176
1988	3	123.179	133.312	114.537	0.924	0.745	0.7744	0.2857	9	16	0.957	0.997	6	-55.59	168.68	119.93
2002	1	139.194	142.571	136.313	NA	NA	NA	NA	40	40	1	1	2	-67.597	181.860666666667	138.527333333333
2002	2	127.532	134.288	121.77	0.91	7e-04	0.0019	0	18	22	0.945	0.999	4	-59.766	171.296705882353	125.414352941176
2002	3	131.279	141.413	122.637	0.846	0.5467	0.58	1	4	18	0.778	0.979	6	-59.64	176.78	128.03
2016	1	127.056	130.434	124.175	NA	NA	NA	NA	40	40	1	1	2	-61.528	169.722666666667	126.389333333333
2016	2	125.522	132.278	119.761	0.767	0.0636	0.0895	0.1463	10	30	0.82	0.99	4	-58.761	169.286705882353	123.404352941176
2016	3	128.528	138.661	119.885	0.829	0.7022	0.7315	1	9	21	0.859	0.987	6	-58.264	174.028	125.278
2030	1	139.194	142.571	136.313	NA	NA	NA	NA	40	40	1	1	2	-67.597	181.860666666667	138.527333333333
2030	2	127.532	134.288	121.77	0.91	7e-04	0.0019	0	18	22	0.945	0.999	4	-59.766	171.296705882353	125.414352941176
2030	3	131.279	141.413	122.637	0.846	0.5467	0.58	1	4	18	0.778	0.979	6	-59.64	176.78	128.03
2038	1	127.056	130.434	124.175	NA	NA	NA	NA	40	40	1	1	2	-61.528	169.722666666667	126.389333333333
2038	2	125.522	132.278	119.761	0.767	0.0636	0.0895	0.1463	10	30	0.82	0.99	4	-58.761	169.286705882353	123.404352941176
2038	3	128.528	138.661	119.885	0.829	0.7022	0.7315	1	9	21	0.859	0.987	6	-58.264	174.028	125.278
2047	1	127.056	130.434	124.175	NA	NA	NA	NA	40	40	1	1	2	-61.528	169.722666666667	126.389333333333
2047	2	125.522	132.278	119.761	0.767	0.0636	0.0895	0.1463	10	30	0.82	0.99	4	-58.761	169.286705882353	123.404352941176
2047	3	128.528	138.661	119.885	0.829	0.7022	0.7315	1	9	21	0.859	0.987	6	-58.264	174.028	125.278
2059	1	130.956	134.334	128.075	NA	NA	NA	NA	40	40	1	1	2	-63.478	173.622666666667	130.289333333333
2059	2	130.483	137.239	124.722	0.755	0.1653	0.2081	0.2	17	23	0.922	0.968	4	-61.242	174.248705882353	128.366352941176
2059	3	132.702	142.835	124.059	0.809	0.3386	0.378	0.5	11	17	0.845	0.996	6	-60.351	178.202	129.452
2073	1	127.056	130.434	124.175	NA	NA	NA	NA	40	40	1	1	2	-61.528	169.722666666667	126.389333333333
2073	2	125.522	132.278	119.761	0.767	0.0636	0.0895	0.1463	10	30	0.82	0.99	4	-58.761	169.286705882353	123.404352941176
2073	3	128.528	138.661	119.885	0.829	0.7022	0.7315	1	9	21	0.859	0.987	6	-58.264	174.028	125.278
2089	1	127.056	130.434	124.175	NA	NA	NA	NA	40	40	1	1	2	-61.528	169.722666666667	126.389333333333
2089	2	125.522	132.278	119.761	0.767	0.0636	0.0895	0.1463	10	30	0.82	0.99	4	-58.761	169.286705882353	123.404352941176
2089	3	128.528	138.661	119.885	0.829	0.7022	0.7315	1	9	21	0.859	0.987	6	-58.264	174.028	125.278
2105	1	252.96	258.17	251.853	NA	NA	NA	NA	100	100	1	1	2	-124.48	355.21	252.085
2105	2	256.637	267.058	254.425	0.858	0.5694	0.5878	1	2	98	0.341	0.991	4	-124.319	359.27629787234	253.95714893617
2105	3	234.548	250.179	231.229	0.992	0.37	0.3984	0	14	48	0.997	1	6	-111.274	337.765391304348	230.156695652174
2127	1	296.735	301.946	295.629	NA	NA	NA	NA	100	100	1	1	2	-146.368	398.986	295.861
2127	2	296.651	307.071	294.438	0.566	0.1269	0.1579	0.2143	30	70	0.717	0.968	4	-144.325	399.28829787234	293.96914893617
2127	3	292.515	308.146	289.196	0.94	0.4588	0.487	0	30	38	0.967	0.998	6	-140.257	395.731391304348	288.122695652174
2144	1	330.471	335.682	329.365	NA	NA	NA	NA	100	100	1	1	2	-163.236	432.722	329.597
2144	2	326.32	336.74	324.107	0.693	0.0548	0.0722	0.0303	41	59	0.892	0.955	4	-159.16	428.95829787234	323.63914893617
2144	3	320.993	336.624	317.675	0.808	0.0065	0.0099	0.02	29	41	0.817	0.997	6	-154.497	424.211391304348	316.602695652174
2186	1	331.297	336.507	330.19	NA	NA	NA	NA	100	100	1	1	2	-163.648	433.546	330.421
2186	2	315.497	325.918	313.285	0.797	1e-04	2e-04	0	39	61	0.82	0.996	4	-153.749	418.13629787234	312.81714893617
2186	3	317.954	333.585	314.636	0.786	0.2184	0.2436	0.6667	17	44	0.791	0.968	6	-152.977	421.171391304348	313.562695652174
2201	1	331.297	336.507	330.19	NA	NA	NA	NA	100	100	1	1	2	-163.648	433.546	330.421
2201	2	315.497	325.918	313.285	0.797	1e-04	2e-04	0	39	61	0.82	0.996	4	-153.749	418.13629787234	312.81714893617
2201	3	317.954	333.585	314.636	0.786	0.2184	0.2436	0.6667	17	44	0.791	0.968	6	-152.977	421.171391304348	313.562695652174
2207	1	252.96	258.17	251.853	NA	NA	NA	NA	100	100	1	1	2	-124.48	355.21	252.085
2207	2	256.637	267.058	254.425	0.858	0.5694	0.5878	1	2	98	0.341	0.991	4	-124.319	359.27629787234	253.95714893617
2207	3	234.548	250.179	231.229	0.992	0.37	0.3984	0	14	48	0.997	1	6	-111.274	337.765391304348	230.156695652174
2222	1	297.355	302.565	296.249	NA	NA	NA	NA	100	100	1	1	2	-146.678	399.606	296.481
2222	2	296.966	307.387	294.754	0.599	0.1255	0.1563	0.1333	37	63	0.819	0.953	4	-144.483	399.60429787234	294.28514893617
2222	3	293.594	309.225	290.276	0.932	0.4307	0.4588	0.0404	30	37	0.962	0.999	6	-140.797	396.811391304348	289.202695652174
2260	1	331.297	336.507	330.19	NA	NA	NA	NA	100	100	1	1	2	-163.648	433.546	330.421
2260	2	315.497	325.918	313.285	0.797	1e-04	2e-04	0	39	61	0.82	0.996	4	-153.749	418.13629787234	312.81714893617
2260	3	317.954	333.585	314.636	0.786	0.2184	0.2436	0.6667	17	44	0.791	0.968	6	-152.977	421.171391304348	313.562695652174
2272	1	331.297	336.507	330.19	NA	NA	NA	NA	100	100	1	1	2	-163.648	433.546	330.421
2272	2	315.497	325.918	313.285	0.797	1e-04	2e-04	0	39	61	0.82	0.996	4	-153.749	418.13629787234	312.81714893617
2272	3	317.954	333.585	314.636	0.786	0.2184	0.2436	0.6667	17	44	0.791	0.968	6	-152.977	421.171391304348	313.562695652174
2278	1	296.735	301.946	295.629	NA	NA	NA	NA	100	100	1	1	2	-146.368	398.986	295.861
2278	2	296.651	307.071	294.438	0.566	0.1269	0.1579	0.2143	30	70	0.717	0.968	4	-144.325	399.28829787234	293.96914893617
2278	3	292.515	308.146	289.196	0.94	0.4588	0.487	0	30	38	0.967	0.998	6	-140.257	395.731391304348	288.122695652174
2296	1	331.297	336.507	330.19	NA	NA	NA	NA	100	100	1	1	2	-163.648	433.546	330.421
2296	2	315.497	325.918	313.285	0.797	1e-04	2e-04	0	39	61	0.82	0.996	4	-153.749	418.13629787234	312.81714893617
2296	3	317.954	333.585	314.636	0.786	0.2184	0.2436	0.6667	17	44	0.791	0.968	6	-152.977	421.171391304348	313.562695652174
2304	1	331.297	336.507	330.19	NA	NA	NA	NA	100	100	1	1	2	-163.648	433.546	330.421
2304	2	315.497	325.918	313.285	0.797	1e-04	2e-04	0	39	61	0.82	0.996	4	-153.749	418.13629787234	312.81714893617
2304	3	317.954	333.585	314.636	0.786	0.2184	0.2436	0.6667	17	44	0.791	0.968	6	-152.977	421.171391304348	313.562695652174
2315	1	330.471	335.682	329.365	NA	NA	NA	NA	100	100	1	1	2	-163.236	432.722	329.597
2315	2	326.32	336.74	324.107	0.693	0.0548	0.0722	0.0303	41	59	0.892	0.955	4	-159.16	428.95829787234	323.63914893617
2315	3	320.993	336.624	317.675	0.808	0.0065	0.0099	0.02	29	41	0.817	0.997	6	-154.497	424.211391304348	316.602695652174
2360	1	331.297	336.507	330.19	NA	NA	NA	NA	100	100	1	1	2	-163.648	433.546	330.421
2360	2	315.497	325.918	313.285	0.797	1e-04	2e-04	0	39	61	0.82	0.996	4	-153.749	418.13629787234	312.81714893617
2360	3	317.954	333.585	314.636	0.786	0.2184	0.2436	0.6667	17	44	0.791	0.968	6	-152.977	421.171391304348	313.562695652174
2370	1	252.96	258.17	251.853	NA	NA	NA	NA	100	100	1	1	2	-124.48	355.21	252.085
2370	2	256.637	267.058	254.425	0.858	0.5694	0.5878	1	2	98	0.341	0.991	4	-124.319	359.27629787234	253.95714893617
2370	3	234.548	250.179	231.229	0.992	0.37	0.3984	0	14	48	0.997	1	6	-111.274	337.765391304348	230.156695652174
2382	1	284.484	289.694	283.378	NA	NA	NA	NA	100	100	1	1	2	-140.242	386.734	283.609
2382	2	287.927	298.347	285.714	0.339	0.6654	0.691	1	24	76	0.545	0.921	4	-139.963	390.56429787234	285.24514893617
2382	3	281.17	296.801	277.852	0.955	0.4518	0.4825	0	24	40	0.978	0.999	6	-134.585	384.387391304348	276.778695652174
2392	1	331.297	336.507	330.19	NA	NA	NA	NA	100	100	1	1	2	-163.648	433.546	330.421
2392	2	315.497	325.918	313.285	0.797	1e-04	2e-04	0	39	61	0.82	0.996	4	-153.749	418.13629787234	312.81714893617
2392	3	317.954	333.585	314.636	0.786	0.2184	0.2436	0.6667	17	44	0.791	0.968	6	-152.977	421.171391304348	313.562695652174
2419	1	783.932	791.34	784.997	NA	NA	NA	NA	300	300	1	1	2	-389.966	1086.01308108108	782.972540540541
2419	2	782.552	797.368	784.682	0.433	0.0662	0.0835	1	84	216	0.578	0.968	4	-387.276	1084.75608163265	779.654040816327
2419	3	654.549	676.772	657.743	0.999	0.1282	0.1449	0	84	120	1	1	6	-321.274	956.931561643836	649.739780821918
2428	1	962.236	969.644	963.301	NA	NA	NA	NA	300	300	1	1	2	-479.118	1264.31708108108	961.276540540541
2428	2	900.135	914.95	902.265	0.815	0	0	0	130	170	0.868	0.996	4	-446.068	1202.34008163265	897.238040816326
2428	3	898.018	920.241	901.212	0.847	0.1707	0.1894	0.051	50	130	0.864	0.984	6	-443.009	1200.40156164384	893.209780821918
2469	1	962.236	969.644	963.301	NA	NA	NA	NA	300	300	1	1	2	-479.118	1264.31708108108	961.276540540541
2469	2	900.135	914.95	902.265	0.815	0	0	0	130	170	0.868	0.996	4	-446.068	1202.34008163265	897.238040816326
2469	3	898.018	920.241	901.212	0.847	0.1707	0.1894	0.051	50	130	0.864	0.984	6	-443.009	1200.40156164384	893.209780821918
2507	1	962.236	969.644	963.301	NA	NA	NA	NA	300	300	1	1	2	-479.118	1264.31708108108	961.276540540541
2507	2	900.135	914.95	902.265	0.815	0	0	0	130	170	0.868	0.996	4	-446.068	1202.34008163265	897.238040816326
2507	3	898.018	920.241	901.212	0.847	0.1707	0.1894	0.051	50	130	0.864	0.984	6	-443.009	1200.40156164384	893.209780821918
2545	1	862.279	869.687	863.344	NA	NA	NA	NA	300	300	1	1	2	-429.14	1164.36108108108	861.32054054054
2545	2	863.94	878.755	866.069	0.378	0.2013	0.2276	1	72	228	0.576	0.923	4	-427.97	1166.14408163265	861.042040816327
2545	3	844.337	866.56	847.531	0.93	0.1719	0.1923	0	72	117	0.962	0.998	6	-416.169	1146.72156164384	839.529780821918
2558	1	962.236	969.644	963.301	NA	NA	NA	NA	300	300	1	1	2	-479.118	1264.31708108108	961.276540540541
2558	2	900.135	914.95	902.265	0.815	0	0	0	130	170	0.868	0.996	4	-446.068	1202.34008163265	897.238040816326
2558	3	898.018	920.241	901.212	0.847	0.1707	0.1894	0.051	50	130	0.864	0.984	6	-443.009	1200.40156164384	893.209780821918
2593	1	856.358	863.766	857.423	NA	NA	NA	NA	300	300	1	1	2	-426.179	1158.43908108108	855.39854054054
2593	2	848.824	863.639	850.953	0.56	0.0026	0.0043	0	96	204	0.733	0.966	4	-420.412	1151.02808163265	845.926040816326
2593	3	807.652	829.875	810.846	0.974	0.1239	0.1407	0	96	103	0.988	0.999	6	-397.826	1110.03556164384	802.843780821918
2607	1	962.236	969.644	963.301	NA	NA	NA	NA	300	300	1	1	2	-479.118	1264.31708108108	961.276540540541
2607	2	900.135	914.95	902.265	0.815	0	0	0	130	170	0.868	0.996	4	-446.068	1202.34008163265	897.238040816326
2607	3	898.018	920.241	901.212	0.847	0.1707	0.1894	0.051	50	130	0.864	0.984	6	-443.009	1200.40156164384	893.209780821918
2644	1	856.358	863.766	857.423	NA	NA	NA	NA	300	300	1	1	2	-426.179	1158.43908108108	855.39854054054
2644	2	848.824	863.639	850.953	0.56	0.0026	0.0043	0	96	204	0.733	0.966	4	-420.412	1151.02808163265	845.926040816326
2644	3	807.652	829.875	810.846	0.974	0.1239	0.1407	0	96	103	0.988	0.999	6	-397.826	1110.03556164384	802.843780821918
2655	1	949.651	957.058	950.715	NA	NA	NA	NA	300	300	1	1	2	-472.825	1251.73108108108	948.69054054054
2655	2	918.215	933.03	920.345	0.732	0	0	0	130	170	0.867	0.982	4	-455.108	1220.42008163265	915.318040816327
2655	3	914.46	936.683	917.654	0.814	0.07	0.0828	0.0128	70	130	0.852	0.99	6	-451.23	1216.84356164384	909.651780821918
2686	1	824.362	831.769	825.427	NA	NA	NA	NA	300	300	1	1	2	-410.181	1126.44308108108	823.40254054054
2686	2	823.08	837.895	825.209	0.445	0.0869	0.1053	1	56	244	0.466	0.98	4	-407.54	1125.28408163265	820.182040816327
2686	3	793.229	815.452	796.424	0.961	0.1356	0.1527	0	56	138	0.981	0.999	6	-390.615	1095.61356164384	788.421780821918
2696	1	824.362	831.769	825.427	NA	NA	NA	NA	300	300	1	1	2	-410.181	1126.44308108108	823.40254054054
2696	2	823.08	837.895	825.209	0.445	0.0869	0.1053	1	56	244	0.466	0.98	4	-407.54	1125.28408163265	820.182040816327
2696	3	793.229	815.452	796.424	0.961	0.1356	0.1527	0	56	138	0.981	0.999	6	-390.615	1095.61356164384	788.421780821918
