7	1	123.991	127.369	121.11	NA	NA	NA	NA	40	40	1	1	2	-59.996	166.658666666667	123.325333333333
7	2	125.361	132.117	119.6	0.663	0.3222	0.3714	0.3077	15	25	0.881	0.92	4	-58.681	169.126705882353	123.244352941176
7	3	127.687	137.82	119.045	0.755	0.3467	0.3852	0.3636	4	23	0.673	0.929	6	-57.843	173.186	124.436
33	1	128.113	131.491	125.232	NA	NA	NA	NA	40	40	1	1	2	-62.057	170.780666666667	127.447333333333
33	2	131.731	138.486	125.969	0.78	0.5681	0.591	1	1	39	0.284	0.995	4	-61.865	175.494705882353	129.612352941176
33	3	133.74	143.873	125.098	0.752	0.5	0.5469	0.6667	3	24	0.877	0.893	6	-60.87	179.24	130.49
43	1	113.299	116.677	110.418	NA	NA	NA	NA	40	40	1	1	2	-54.65	155.966666666667	112.633333333333
43	2	116.302	123.057	110.54	0.684	0.4294	0.4658	0.6	5	35	0.628	0.967	4	-54.151	160.066705882353	114.184352941176
43	3	114.477	124.61	105.835	0.878	0.1342	0.176	0.1	6	24	0.913	0.955	6	-51.238	159.976	111.226
79	1	121.695	125.073	118.814	NA	NA	NA	NA	40	40	1	1	2	-58.848	164.362666666667	121.029333333333
79	2	122.99	129.745	117.228	0.627	0.3014	0.3468	0.3077	16	24	0.872	0.901	4	-57.495	166.754705882353	120.872352941176
79	3	125.61	135.743	116.967	0.703	0.7334	0.7583	0.3636	10	17	0.835	0.92	6	-56.805	171.11	122.36
105	1	164.762	168.14	161.881	NA	NA	NA	NA	40	40	1	1	2	-80.381	207.428666666667	164.095333333333
105	2	166.486	173.241	160.724	0.643	0.3729	0.4269	0.3077	15	25	0.82	0.947	4	-79.243	210.250705882353	164.368352941176
105	3	168.772	178.906	160.13	0.797	0.4304	0.4722	1	4	23	0.727	0.972	6	-78.386	214.272	165.522
111	1	145.66	149.038	142.779	NA	NA	NA	NA	40	40	1	1	2	-70.83	188.326666666667	144.993333333333
111	2	147.228	153.984	141.467	0.719	0.2948	0.3371	0.3077	8	32	0.794	0.959	4	-69.614	190.992705882353	145.110352941176
111	3	149.384	159.517	140.742	0.828	0.3821	0.4216	0.6667	3	29	0.729	0.974	6	-68.692	194.884	146.134
122	1	163.16	166.537	160.279	NA	NA	NA	NA	40	40	1	1	2	-79.58	205.826666666667	162.493333333333
122	2	159.103	165.859	153.342	0.811	0.0358	0.0537	0.02	20	20	0.944	0.95	4	-75.552	202.868705882353	156.986352941176
122	3	158.092	168.226	149.45	0.859	0.1336	0.1709	0.1111	10	16	0.916	0.956	6	-73.046	203.592	154.842
168	1	156.147	159.524	153.266	NA	NA	NA	NA	40	40	1	1	2	-76.073	198.812666666667	155.479333333333
168	2	153.515	160.271	147.754	0.776	0.0482	0.0705	0.05	18	22	0.932	0.937	4	-72.758	197.280705882353	151.398352941176
168	3	156.335	166.469	147.693	0.753	0.5504	0.5901	0.4286	10	18	0.75	0.94	6	-72.168	201.836	153.086
197	1	159.478	162.856	156.597	NA	NA	NA	NA	40	40	1	1	2	-77.739	202.144666666667	158.811333333333
197	2	156.64	163.396	150.879	0.79	0.0535	0.0778	0.05	18	22	0.93	0.937	4	-74.32	200.404705882353	154.522352941176
197	3	159.289	169.422	150.646	0.786	0.4004	0.4408	0.4286	8	19	0.796	0.967	6	-73.644	204.788	156.038
228	1	180.559	183.937	177.678	NA	NA	NA	NA	40	40	1	1	2	-88.279	223.224666666667	179.891333333333
228	2	166.375	173.131	160.614	0.944	0.0158	0.0245	0	19	21	0.973	0.999	4	-79.188	210.140705882353	164.258352941176
228	3	169.737	179.87	161.095	0.836	0.7746	0.7837	1	4	19	0.642	0.994	6	-78.869	215.238	166.488
245	1	175.523	178.901	172.642	NA	NA	NA	NA	40	40	1	1	2	-85.761	218.188666666667	174.855333333333
245	2	171.025	177.781	165.264	0.871	0.0901	0.1189	0.02	17	23	0.949	0.982	4	-81.513	214.790705882353	168.908352941176
245	3	173.295	183.428	164.652	0.907	0.1997	0.2289	0.3333	1	22	0.709	0.981	6	-80.647	218.794	170.044
265	1	182.663	186.041	179.783	NA	NA	NA	NA	40	40	1	1	2	-89.332	225.330666666667	181.997333333333
265	2	165.73	172.486	159.969	0.955	3e-04	7e-04	0	20	20	0.989	0.993	4	-78.865	209.494705882353	163.612352941176
265	3	168.575	178.708	159.933	0.852	0.7195	0.7453	1	6	18	0.822	0.966	6	-78.288	214.076	165.326
283	1	186.441	189.818	183.56	NA	NA	NA	NA	40	40	1	1	2	-91.22	229.106666666667	185.773333333333
283	2	181.853	188.609	176.092	0.808	0.0267	0.0419	0.02	16	24	0.877	0.985	4	-86.927	225.618705882353	179.736352941176
283	3	184.394	194.528	175.752	0.791	0.4405	0.482	0.3333	7	18	0.731	0.973	6	-86.197	229.894	181.144
307	1	301.363	306.573	300.257	NA	NA	NA	NA	100	100	1	1	2	-148.681	403.612	300.487
307	2	302.5	312.921	300.288	0.586	0.1574	0.1868	0.2667	17	83	0.617	0.953	4	-147.25	405.13829787234	299.81914893617
307	3	302.69	318.321	299.371	0.741	0.3482	0.3903	0.2083	11	48	0.823	0.897	6	-145.345	405.907391304348	298.298695652174
325	1	326.858	332.068	325.751	NA	NA	NA	NA	100	100	1	1	2	-161.429	429.108	325.983
325	2	330.849	341.27	328.637	0.169	0.9841	0.9843	1	23	77	0.408	0.871	4	-161.425	433.48829787234	328.16914893617
325	3	330.891	346.522	327.573	0.744	0.2187	0.239	0.5	13	65	0.751	0.924	6	-159.446	434.109391304348	326.500695652174
342	1	313.285	318.495	312.178	NA	NA	NA	NA	100	100	1	1	2	-154.642	415.534	312.409
342	2	316.038	326.459	313.825	0.936	0.286	0.3075	0.6667	2	98	0.638	0.993	4	-154.019	418.67629787234	313.35714893617
342	3	318.621	334.252	315.303	0.868	0.2332	0.2585	0.6667	2	96	0.374	0.994	6	-153.311	421.839391304348	314.230695652174
359	1	283.917	289.127	282.811	NA	NA	NA	NA	100	100	1	1	2	-139.958	386.166	283.041
359	2	282.433	292.853	280.22	0.801	0.0561	0.0708	0.0779	11	89	0.754	0.977	4	-137.216	385.07029787234	279.75114893617
359	3	281.625	297.256	278.306	0.778	0.1086	0.137	0.1765	11	75	0.688	0.96	6	-134.812	384.841391304348	277.232695652174
400	1	296.784	301.994	295.678	NA	NA	NA	NA	100	100	1	1	2	-146.392	399.034	295.909
400	2	300.205	310.625	297.992	0.322	0.7085	0.7353	1	37	63	0.661	0.848	4	-146.102	402.84229787234	297.52314893617
400	3	301.253	316.884	297.935	0.732	0.4938	0.5341	0.2667	16	51	0.832	0.926	6	-144.627	404.471391304348	296.862695652174
404	1	397.006	402.216	395.9	NA	NA	NA	NA	100	100	1	1	2	-196.503	499.256	396.131
404	2	391.522	401.943	389.31	0.732	0.0118	0.0191	0.03	45	55	0.903	0.952	4	-191.761	494.16029787234	388.84114893617
404	3	395.434	411.065	392.115	0.653	0.8646	0.8702	0.6667	4	51	0.25	0.926	6	-191.717	498.651391304348	391.042695652174
429	1	373.19	378.4	372.084	NA	NA	NA	NA	100	100	1	1	2	-184.595	475.44	372.315
429	2	370.668	381.088	368.455	0.649	0.0503	0.0684	0.0404	47	53	0.9	0.904	4	-181.334	473.30629787234	367.98714893617
429	3	373.668	389.299	370.35	0.596	0.6432	0.6683	0.6667	20	42	0.695	0.886	6	-180.834	476.885391304348	369.276695652174
455	1	406.936	412.146	405.83	NA	NA	NA	NA	100	100	1	1	2	-201.468	509.186	406.061
455	2	398.967	409.387	396.754	0.756	0.0039	0.0069	0	44	56	0.909	0.953	4	-195.483	501.60429787234	396.28514893617
455	3	402.801	418.432	399.483	0.636	0.7921	0.8027	1	4	52	0.222	0.932	6	-195.401	506.019391304348	398.410695652174
460	1	394.83	400.04	393.723	NA	NA	NA	NA	100	100	1	1	2	-195.415	497.08	393.955
460	2	374.131	384.551	371.918	0.857	0	0	0	47	53	0.956	0.967	4	-183.065	476.76829787234	371.44914893617
460	3	377.479	393.11	374.16	0.72	0.7965	0.8143	0.6667	15	47	0.553	0.945	6	-182.739	480.695391304348	373.086695652174
477	1	384.272	389.482	383.166	NA	NA	NA	NA	100	100	1	1	2	-190.136	486.522	383.397
477	2	369.829	380.249	367.616	0.841	0.0154	0.0223	0	48	52	0.957	0.965	4	-180.914	472.46629787234	367.14714893617
477	3	370.348	385.979	367.03	0.915	0.0568	0.0691	0.1429	1	52	0.936	0.971	6	-179.174	473.565391304348	365.956695652174
499	1	405.399	410.609	404.293	NA	NA	NA	NA	100	100	1	1	2	-200.699	507.648	404.523
499	2	390.6	401.021	388.388	0.799	2e-04	5e-04	0	46	54	0.921	0.964	4	-191.3	493.23829787234	387.91914893617
499	3	390.106	405.737	386.787	0.767	0.1619	0.1931	0.1176	27	43	0.817	0.952	6	-189.053	493.323391304348	385.714695652174
523	1	438.821	444.031	437.715	NA	NA	NA	NA	100	100	1	1	2	-217.411	541.072	437.947
523	2	411.774	422.194	409.561	0.882	0	0	0	45	55	0.955	0.975	4	-201.887	514.41229787234	409.09314893617
523	3	411.841	427.472	408.523	0.797	0.2072	0.2426	0.1395	22	41	0.8	0.973	6	-199.921	515.059391304348	407.450695652174
541	1	462.987	468.198	461.881	NA	NA	NA	NA	100	100	1	1	2	-229.494	565.238	462.113
541	2	424.915	435.336	422.703	0.915	0	0	0	48	52	0.962	0.992	4	-208.458	527.55429787234	422.23514893617
541	3	419.742	435.373	416.424	0.858	0.0274	0.0388	0.02	18	45	0.793	0.977	6	-203.871	522.959391304348	415.350695652174
577	1	432.778	437.989	431.672	NA	NA	NA	NA	100	100	1	1	2	-214.389	535.028	431.903
577	2	414.956	425.377	412.744	0.861	8e-04	0.0015	0	48	52	0.961	0.966	4	-203.478	517.59429787234	412.27514893617
577	3	416.542	432.173	413.223	0.801	0.3146	0.3465	0.6	10	47	0.683	0.976	6	-202.271	519.759391304348	412.150695652174
594	1	439.65	444.861	438.544	NA	NA	NA	NA	100	100	1	1	2	-217.825	541.9	438.775
594	2	424.004	434.424	421.791	0.837	3e-04	8e-04	0	49	51	0.955	0.958	4	-208.002	526.64229787234	421.32314893617
594	3	427.689	443.32	424.37	0.664	0.7897	0.802	0.6667	10	46	0.402	0.946	6	-207.844	530.905391304348	423.296695652174
611	1	922.851	930.259	923.916	NA	NA	NA	NA	300	300	1	1	2	-459.425	1224.93108108108	921.890540540541
611	2	924.654	939.469	926.784	0.36	0.549	0.5734	1	121	179	0.726	0.836	4	-458.327	1226.85808163265	921.756040816327
611	3	924.719	946.942	927.914	0.645	0.0679	0.0837	1	1	154	0.813	0.911	6	-456.36	1227.10356164384	919.911780821918
628	1	932.325	939.733	933.39	NA	NA	NA	NA	300	300	1	1	2	-464.163	1234.40708108108	931.366540540541
628	2	933.5	948.315	935.629	0.44	0.2785	0.3069	1	57	243	0.524	0.923	4	-462.75	1235.70408163265	930.602040816327
628	3	935.86	958.083	939.054	0.575	0.3114	0.3352	1	14	144	0.598	0.828	6	-461.93	1238.24356164384	931.051780821918
643	1	878.623	886.03	879.687	NA	NA	NA	NA	300	300	1	1	2	-437.311	1180.70308108108	877.66254054054
643	2	881.484	896.299	883.613	0.374	0.4455	0.4748	1	55	245	0.475	0.926	4	-436.742	1183.68808163265	878.586040816327
643	3	880.931	903.154	884.126	0.67	0.2395	0.273	0.6667	52	193	0.741	0.909	6	-434.466	1183.31556164384	876.123780821918
661	1	879.212	886.62	880.277	NA	NA	NA	NA	300	300	1	1	2	-437.606	1181.29308108108	878.252540540541
661	2	882.079	896.894	884.208	0.99	0.2537	0.271	1	1	299	0.718	0.999	4	-437.039	1184.28208163265	879.180040816326
661	3	877.452	899.675	880.646	0.736	0.2237	0.2422	0.0202	34	226	0.697	0.948	6	-432.726	1179.83556164384	872.643780821918
712	1	1188.43	1195.838	1189.495	NA	NA	NA	NA	300	300	1	1	2	-592.215	1490.51108108108	1187.47054054054
712	2	1160.744	1175.559	1162.874	0.731	0	0	0	143	157	0.904	0.94	4	-576.372	1462.94808163265	1157.84604081633
712	3	1161.388	1183.61	1164.582	0.662	0.2169	0.2457	0.6667	51	133	0.675	0.94	6	-574.694	1463.77156164384	1156.57978082192
727	1	1166.648	1174.056	1167.713	NA	NA	NA	NA	300	300	1	1	2	-581.324	1468.72908108108	1165.68854054054
727	2	1134.12	1148.935	1136.25	0.739	0	0	0	132	168	0.911	0.936	4	-563.06	1436.32408163265	1131.22204081633
727	3	1134.608	1156.83	1137.802	0.672	0.19	0.2195	1	75	137	0.749	0.924	6	-561.304	1436.99156164384	1129.79978082192
745	1	1189.942	1197.35	1191.007	NA	NA	NA	NA	300	300	1	1	2	-592.971	1492.02308108108	1188.98254054054
745	2	1147.888	1162.703	1150.018	0.792	0	0	0	146	154	0.929	0.959	4	-569.944	1450.09208163265	1144.99004081633
745	3	1150.777	1173	1153.971	0.857	0.2646	0.2849	1	1	151	0.321	0.955	6	-569.388	1453.15956164384	1145.96778082192
765	1	1140.719	1148.126	1141.783	NA	NA	NA	NA	300	300	1	1	2	-568.359	1442.79908108108	1139.75854054054
765	2	1111.683	1126.498	1113.813	0.744	0	0	0	140	160	0.917	0.942	4	-551.842	1413.88808163265	1108.78604081633
765	3	1115.634	1137.857	1118.828	0.549	0.9445	0.9471	1	34	141	0.254	0.936	6	-551.817	1418.01756164384	1110.82578082192
783	1	1207.429	1214.836	1208.493	NA	NA	NA	NA	300	300	1	1	2	-601.714	1509.50908108108	1206.46854054054
783	2	1189.737	1204.552	1191.866	0.663	0	0	0	144	156	0.897	0.907	4	-590.868	1491.94008163265	1186.83804081633
783	3	1192.779	1215.002	1195.973	0.577	0.6561	0.6803	1	84	126	0.668	0.897	6	-590.39	1495.16356164384	1187.97178082192
800	1	1155.659	1163.066	1156.723	NA	NA	NA	NA	300	300	1	1	2	-575.829	1457.73908108108	1154.69854054054
800	2	1133.152	1147.967	1135.282	0.711	0	0	0	136	164	0.914	0.928	4	-562.576	1435.35608163265	1130.25404081633
800	3	1135.217	1157.439	1138.411	0.654	0.2992	0.3263	1	37	153	0.608	0.943	6	-561.608	1437.59956164384	1130.40778082192
819	1	1329.362	1336.769	1330.426	NA	NA	NA	NA	300	300	1	1	2	-662.681	1631.44308108108	1328.40254054054
819	2	1229.984	1244.799	1232.114	0.911	0	0	0	149	151	0.971	0.979	4	-610.992	1532.18808163265	1227.08604081633
819	3	1232.772	1254.995	1235.966	0.693	0.5593	0.5858	1	50	147	0.561	0.977	6	-610.386	1535.15556164384	1227.96378082192
839	1	1329.765	1337.173	1330.83	NA	NA	NA	NA	300	300	1	1	2	-662.882	1631.84508108108	1328.80454054054
839	2	1233.524	1248.339	1235.653	0.924	0	0	0	142	158	0.972	0.989	4	-612.762	1535.72808163265	1230.62604081633
839	3	1234.355	1256.578	1237.549	0.758	0.1357	0.1556	0.6667	40	141	0.598	0.984	6	-611.177	1536.73756164384	1229.54578082192
858	1	1330.241	1337.649	1331.306	NA	NA	NA	NA	300	300	1	1	2	-663.121	1632.32308108108	1329.28254054054
858	2	1229.45	1244.265	1231.579	0.91	0	0	0	150	150	0.972	0.982	4	-610.725	1531.65408163265	1226.55204081633
858	3	1231.784	1254.006	1234.978	0.754	0.4663	0.496	0.6667	36	141	0.508	0.97	6	-609.892	1534.16756164384	1226.97578082192
876	1	1310.757	1318.165	1311.822	NA	NA	NA	NA	300	300	1	1	2	-653.379	1612.83908108108	1309.79854054054
876	2	1232.318	1247.133	1234.447	0.896	0	0	0	147	153	0.97	0.979	4	-612.159	1534.52208163265	1229.42004081633
876	3	1235.265	1257.487	1238.459	0.696	0.6032	0.6188	1	44	145	0.536	0.977	6	-611.632	1537.64756164384	1230.45578082192
895	1	1318.006	1325.413	1319.07	NA	NA	NA	NA	300	300	1	1	2	-657.003	1620.08708108108	1317.04654054054
895	2	1208.077	1222.892	1210.206	0.923	0	0	0	150	150	0.975	0.983	4	-600.038	1510.28008163265	1205.17804081633
895	3	1210.753	1232.976	1213.947	0.699	0.5335	0.5609	0.6667	56	148	0.6	0.979	6	-599.376	1513.13556164384	1205.94378082192
913	1	117.036	120.414	114.155	NA	NA	NA	NA	40	40	1	1	2	-56.518	159.702666666667	116.369333333333
913	2	107.668	114.423	101.906	0.902	0.0044	0.0086	0	18	22	0.967	0.982	4	-49.834	151.432705882353	105.550352941176
913	3	110.563	120.697	101.921	0.781	0.5458	0.5798	0.5	9	20	0.772	0.965	6	-49.282	156.064	107.314
943	1	96.506	99.884	93.625	NA	NA	NA	NA	40	40	1	1	2	-46.253	139.172666666667	95.8393333333333
943	2	100.275	107.031	94.514	0.313	0.9619	0.9647	1	10	30	0.51	0.884	4	-46.138	144.040705882353	98.1583529411765
943	3	98.468	108.601	89.826	0.891	0.0566	0.0668	0.1034	3	20	0.846	0.98	6	-43.234	143.968	95.218
975	1	105.595	108.973	102.714	NA	NA	NA	NA	40	40	1	1	2	-50.798	148.262666666667	104.929333333333
975	2	107.9	114.655	102.138	0.892	0.1727	0.2008	0.5	2	38	0.753	0.992	4	-49.95	151.664705882353	105.782352941176
975	3	109.292	119.425	100.65	0.82	0.5711	0.6088	0.5	2	20	0.925	0.984	6	-48.646	154.792	106.042
985	1	108.406	111.783	105.525	NA	NA	NA	NA	40	40	1	1	2	-52.203	151.072666666667	107.739333333333
985	2	109.576	116.331	103.814	0.646	0.2621	0.3119	0.3077	20	20	0.879	0.915	4	-50.788	153.340705882353	107.458352941176
985	3	112.318	122.452	103.676	0.726	0.5249	0.565	1	8	17	0.815	0.942	6	-50.159	157.818	109.068
993	1	92.514	95.892	89.633	NA	NA	NA	NA	40	40	1	1	2	-44.257	135.180666666667	91.8473333333333
993	2	93.271	100.027	87.509	0.725	0.2549	0.2988	0.2857	11	29	0.844	0.951	4	-42.635	137.034705882353	91.1523529411765
993	3	94.885	105.018	86.242	0.816	0.2032	0.2386	0.3333	4	27	0.739	0.975	6	-41.442	140.384	91.634
1006	1	161.997	165.375	159.116	NA	NA	NA	NA	40	40	1	1	2	-78.998	204.662666666667	161.329333333333
1006	2	146.453	153.209	140.691	0.954	0.0118	0.0194	0	20	20	0.979	0.994	4	-69.227	190.218705882353	144.336352941176
1006	3	147.284	157.417	138.641	0.83	0.6194	0.6464	0.1923	8	19	0.81	0.99	6	-67.642	192.784	144.034
1030	1	159.968	163.345	157.087	NA	NA	NA	NA	40	40	1	1	2	-77.984	202.634666666667	159.301333333333
1030	2	150.188	156.943	144.426	0.914	0.007	0.0126	0	19	21	0.976	0.977	4	-71.094	193.952705882353	148.070352941176
1030	3	152.778	162.911	144.136	0.832	0.3649	0.4037	1	4	20	0.655	0.977	6	-70.389	198.278	149.528
1044	1	154.31	157.688	151.429	NA	NA	NA	NA	40	40	1	1	2	-75.155	196.976666666667	153.643333333333
1044	2	139.938	146.694	134.177	0.931	0.0011	0.0024	0	19	21	0.96	0.994	4	-65.969	183.702705882353	137.820352941176
1044	3	141.866	152	133.224	0.862	0.4022	0.4394	0.5	6	19	0.774	0.991	6	-64.933	187.366	138.616
1052	1	156.347	159.724	153.466	NA	NA	NA	NA	40	40	1	1	2	-76.173	199.012666666667	155.679333333333
1052	2	153.42	160.175	147.658	0.84	0.4752	0.5087	0.04	19	21	0.957	0.958	4	-72.71	197.184705882353	151.302352941176
1052	3	147.975	158.108	139.332	0.946	0.0033	0.0056	0	1	20	0.969	0.988	6	-67.987	193.474	144.724
1085	1	148.554	151.931	145.673	NA	NA	NA	NA	40	40	1	1	2	-72.277	191.220666666667	147.887333333333
1085	2	117.763	124.519	112.002	0.994	0	0	0	20	20	0.998	1	4	-54.882	161.528705882353	115.646352941176
1085	3	119.788	129.921	111.146	0.867	0.3085	0.3495	0.5	5	20	0.746	1	6	-53.894	165.288	116.538
1090	1	142.159	145.537	139.278	NA	NA	NA	NA	40	40	1	1	2	-69.08	184.826666666667	141.493333333333
1090	2	133.763	140.519	128.002	0.919	0.0045	0.0088	0	18	22	0.968	0.991	4	-62.882	177.528705882353	131.646352941176
1090	3	137.438	147.571	128.796	0.788	0.7689	0.7829	1	2	21	0.363	0.972	6	-62.719	182.938	134.188
1117	1	169.897	173.275	167.017	NA	NA	NA	NA	40	40	1	1	2	-82.949	212.564666666667	169.231333333333
1117	2	143.374	150.129	137.612	0.987	0	0	0	20	20	0.996	1	4	-67.687	187.138705882353	141.256352941176
1117	3	146.528	156.661	137.885	0.91	0.3698	0.4064	1	2	20	0.632	0.999	6	-67.264	192.028	143.278
1134	1	172.862	176.239	169.981	NA	NA	NA	NA	40	40	1	1	2	-84.431	215.528666666667	172.195333333333
1134	2	132.151	138.907	126.39	0.999	0	0	0	20	20	1	1	4	-62.076	175.916705882353	130.034352941176
1134	3	131.077	141.21	122.435	0.909	0.0782	0.1028	0.0408	9	20	0.898	1	6	-59.539	176.578	127.828
1174	1	178.671	182.049	175.79	NA	NA	NA	NA	40	40	1	1	2	-87.335	221.336666666667	178.003333333333
1174	2	151.422	158.178	145.661	0.993	4e-04	0.001	0	20	20	0.998	1	4	-71.711	195.186705882353	149.304352941176
1174	3	148.275	158.409	139.633	0.891	0.1442	0.1737	0	8	20	0.886	1	6	-68.138	193.776	145.026
1201	1	256.795	262.005	255.689	NA	NA	NA	NA	100	100	1	1	2	-126.397	359.044	255.919
1201	2	253.273	263.694	251.061	0.792	0.0119	0.0179	0.04	10	90	0.677	0.98	4	-122.637	355.91229787234	250.59314893617
1201	3	256.864	272.495	253.545	0.546	0.816	0.8318	1	7	60	0.635	0.861	6	-122.432	360.081391304348	252.472695652174
1236	1	279.427	284.637	278.321	NA	NA	NA	NA	100	100	1	1	2	-137.713	381.676	278.551
1236	2	273.955	284.376	271.743	0.939	0.0215	0.0294	0.03	3	97	0.696	0.996	4	-132.977	376.59229787234	271.27314893617
1236	3	274.565	290.196	271.246	0.722	0.1268	0.1505	0.2667	2	70	0.752	0.918	6	-131.282	377.781391304348	270.172695652174
1273	1	250.469	255.679	249.362	NA	NA	NA	NA	100	100	1	1	2	-123.234	352.718	249.593
1273	2	254.354	264.775	252.142	0.286	0.9818	0.9837	1	43	57	0.719	0.797	4	-123.177	356.99229787234	251.67314893617
1273	3	256.848	272.479	253.53	0.672	0.2371	0.2518	0.4286	1	56	0.551	0.851	6	-122.424	360.065391304348	252.456695652174
1277	1	269.685	274.895	268.579	NA	NA	NA	NA	100	100	1	1	2	-132.842	371.934	268.809
1277	2	267.117	277.538	264.905	0.663	0.1202	0.1471	0.0404	42	58	0.879	0.921	4	-129.558	369.75429787234	264.43514893617
1277	3	267.835	283.466	264.516	0.77	0.1033	0.1261	0.2143	6	50	0.651	0.933	6	-127.917	371.051391304348	263.442695652174
1323	1	357.123	362.333	356.016	NA	NA	NA	NA	100	100	1	1	2	-176.561	459.372	356.247
1323	2	312.239	322.66	310.027	0.969	0	0	0	49	51	0.992	0.997	4	-152.119	414.87629787234	309.55714893617
1323	3	312.718	328.349	309.399	0.818	0.2149	0.244	0.2143	17	49	0.727	0.999	6	-150.359	415.935391304348	308.326695652174
1353	1	384.148	389.358	383.041	NA	NA	NA	NA	100	100	1	1	2	-190.074	486.398	383.273
1353	2	344.85	355.271	342.638	0.916	0	0	0	46	54	0.969	0.98	4	-168.425	447.48829787234	342.16914893617
1353	3	343.68	359.311	340.361	0.871	0.2656	0.2927	0.1176	14	50	0.818	0.988	6	-165.84	446.897391304348	339.288695652174
1380	1	372.257	377.468	371.151	NA	NA	NA	NA	100	100	1	1	2	-184.129	474.508	371.383
1380	2	315.794	326.215	313.582	0.959	0	0	0	49	51	0.984	0.997	4	-153.897	418.43229787234	313.11314893617
1380	3	314.714	330.345	311.396	0.881	0.043	0.0584	0.087	10	48	0.723	0.992	6	-151.357	417.931391304348	310.322695652174
1413	1	428.619	433.829	427.513	NA	NA	NA	NA	100	100	1	1	2	-212.309	530.868	427.743
1413	2	339.962	350.383	337.75	0.991	0	0	0	50	50	0.995	1	4	-165.981	442.60029787234	337.28114893617
1413	3	340.947	356.578	337.628	0.864	0.3392	0.3711	0.1935	12	49	0.734	0.997	6	-164.473	444.163391304348	336.554695652174
1428	1	425.222	430.432	424.116	NA	NA	NA	NA	100	100	1	1	2	-210.611	527.472	424.347
1428	2	384.838	395.259	382.626	0.954	0.004	0.0063	0	49	51	0.986	0.99	4	-188.419	487.47629787234	382.15714893617
1428	3	377.455	393.086	374.136	0.976	0.001	0.0017	0	2	49	0.935	0.993	6	-182.727	480.671391304348	373.062695652174
1448	1	427.691	432.901	426.585	NA	NA	NA	NA	100	100	1	1	2	-211.845	529.94	426.815
1448	2	350.415	360.836	348.203	0.973	0	0	0	50	50	0.989	0.993	4	-171.208	453.05429787234	347.73514893617
1448	3	349.83	365.461	346.511	0.95	0.1766	0.1976	0.1579	5	49	0.828	0.998	6	-168.915	453.047391304348	345.438695652174
1469	1	428.965	434.176	427.859	NA	NA	NA	NA	100	100	1	1	2	-212.483	531.216	428.091
1469	2	343.151	353.572	340.939	0.979	0	0	0	49	51	0.99	0.99	4	-167.576	445.79029787234	340.47114893617
1469	3	344.326	359.957	341.007	0.949	0.0992	0.1209	0.1714	3	49	0.648	0.998	6	-166.163	447.543391304348	339.934695652174
1484	1	414.357	419.567	413.251	NA	NA	NA	NA	100	100	1	1	2	-205.178	516.606	413.481
1484	2	361.903	372.324	359.691	0.967	0	0	0	49	51	0.989	0.996	4	-176.952	464.54229787234	359.22314893617
1484	3	363.688	379.319	360.369	0.964	0.139	0.1591	0.3333	1	50	0.624	0.995	6	-175.844	466.905391304348	359.296695652174
1501	1	784.574	791.981	785.639	NA	NA	NA	NA	300	300	1	1	2	-390.287	1086.65508108108	783.61454054054
1501	2	783.01	797.825	785.139	0.629	0.0308	0.0397	0.0923	32	268	0.508	0.967	4	-387.505	1085.21408163265	780.112040816326
1501	3	786.313	808.536	789.507	0.527	0.6924	0.7135	1	34	227	0.444	0.905	6	-387.157	1088.69756164384	781.505780821918
1529	1	780.143	787.551	781.208	NA	NA	NA	NA	300	300	1	1	2	-388.072	1082.22508108108	779.184540540541
1529	2	774.247	789.063	776.377	0.549	0.02	0.0268	0	98	202	0.787	0.906	4	-383.124	1076.45208163265	771.350040816327
1529	3	776.714	798.936	779.908	0.556	0.5423	0.5633	1	28	151	0.59	0.859	6	-382.357	1079.09756164384	771.905780821918
1552	1	748.755	756.163	749.82	NA	NA	NA	NA	300	300	1	1	2	-372.378	1050.83708108108	747.79654054054
1552	2	745.57	760.385	747.699	0.998	0.0045	0.0062	0	1	299	0.933	1	4	-368.785	1047.77408163265	742.672040816327
1552	3	747.881	770.103	751.075	0.566	0.4274	0.4581	1	1	159	0.756	0.973	6	-367.94	1050.26356164384	743.071780821918
1578	1	778.088	785.496	779.153	NA	NA	NA	NA	300	300	1	1	2	-387.044	1080.16908108108	777.12854054054
1578	2	767.768	782.584	769.898	0.616	0.0036	0.0055	0	87	213	0.796	0.929	4	-379.884	1069.97208163265	764.870040816327
1578	3	770.806	793.029	774.001	0.715	0.3903	0.4124	1	2	202	0.245	0.927	6	-379.403	1073.18956164384	765.997780821918
1593	1	769.991	777.399	771.056	NA	NA	NA	NA	300	300	1	1	2	-382.996	1072.07308108108	769.03254054054
1593	2	766.919	781.734	769.048	0.928	0.0025	0.0038	0	7	293	0.645	0.995	4	-379.459	1069.12208163265	764.020040816327
1593	3	759.053	781.276	762.247	0.729	0.0037	0.0058	0	8	176	0.833	0.903	6	-373.527	1061.43756164384	754.245780821918
1623	1	1121.486	1128.893	1122.55	NA	NA	NA	NA	300	300	1	1	2	-558.743	1423.56708108108	1120.52654054054
1623	2	1011.787	1026.602	1013.917	0.919	0	0	0	144	156	0.973	0.981	4	-501.894	1313.99208163265	1008.89004081633
1623	3	1014.796	1037.018	1017.99	0.823	0.453	0.4795	1	7	152	0.241	0.975	6	-501.398	1317.17956164384	1009.98778082192
1626	1	1119.408	1126.815	1120.473	NA	NA	NA	NA	300	300	1	1	2	-557.704	1421.48908108108	1118.44854054054
1626	2	1018.509	1033.324	1020.639	0.928	0	0	0	147	153	0.978	0.987	4	-505.255	1320.71408163265	1015.61204081633
1626	3	1018.689	1040.911	1021.883	0.857	0.1053	0.1254	0.2	9	146	0.363	0.982	6	-503.344	1321.07156164384	1013.87978082192
1638	1	1119.735	1127.142	1120.799	NA	NA	NA	NA	300	300	1	1	2	-557.867	1421.81508108108	1118.77454054054
1638	2	1030.628	1045.443	1032.757	0.906	0	0	0	150	150	0.972	0.982	4	-511.314	1332.83208163265	1027.73004081633
1638	3	1027.312	1049.535	1030.506	0.761	0.3311	0.3533	0.0408	48	144	0.679	0.977	6	-507.656	1329.69556164384	1022.50378082192
1670	1	1119.078	1126.486	1120.143	NA	NA	NA	NA	300	300	1	1	2	-557.539	1421.15908108108	1118.11854054054
1670	2	1048.987	1063.802	1051.117	0.853	0	0	0	145	155	0.948	0.97	4	-520.494	1351.19208163265	1046.09004081633
1670	3	1041.614	1063.837	1044.808	0.758	0.1334	0.1514	0	81	137	0.779	0.976	6	-514.807	1343.99756164384	1036.80578082192
1684	1	1099.679	1107.086	1100.744	NA	NA	NA	NA	300	300	1	1	2	-547.839	1401.75908108108	1098.71854054054
1684	2	1035.886	1050.701	1038.015	0.864	0	0	0	138	162	0.964	0.965	4	-513.943	1338.09008163265	1032.98804081633
1684	3	1024.615	1046.838	1027.809	0.825	0.0067	0.0095	0	29	139	0.698	0.974	6	-506.307	1326.99756164384	1019.80578082192
1700	1	1096.474	1103.881	1097.539	NA	NA	NA	NA	300	300	1	1	2	-546.237	1398.55508108108	1095.51454054054
1700	2	974.826	989.641	976.955	0.939	0	0	0	144	156	0.984	0.985	4	-483.413	1277.03008163265	971.928040816327
1700	3	968.547	990.77	971.742	0.965	0.0019	0.0028	0	1	157	0.93	0.991	6	-478.274	1270.93156164384	963.739780821918
1712	1	1305.559	1312.967	1306.624	NA	NA	NA	NA	300	300	1	1	2	-650.78	1607.64108108108	1304.60054054054
1712	2	1068.213	1083.028	1070.343	0.987	0	0	0	146	154	0.995	0.998	4	-530.107	1370.41808163265	1065.31604081633
1712	3	1067.403	1089.626	1070.598	0.839	0.0779	0.094	0.125	19	145	0.465	0.997	6	-527.702	1369.78756164384	1062.59578082192
1732	1	1290.148	1297.556	1291.213	NA	NA	NA	NA	300	300	1	1	2	-643.074	1592.22908108108	1289.18854054054
1732	2	1038.814	1053.629	1040.944	0.989	0	0	0	149	151	0.997	0.998	4	-515.407	1341.01808163265	1035.91604081633
1732	3	1037.949	1060.172	1041.144	0.914	0.0542	0.0652	0.2667	12	150	0.551	0.998	6	-512.975	1340.33356164384	1033.14178082192
1748	1	1294.964	1302.371	1296.029	NA	NA	NA	NA	300	300	1	1	2	-645.482	1597.04508108108	1294.00454054054
1748	2	1093.177	1107.992	1095.307	0.983	0	0	0	147	153	0.994	0.997	4	-542.589	1395.38208163265	1090.28004081633
1748	3	1086.892	1109.115	1090.087	0.977	6e-04	0.001	0	4	149	0.803	0.996	6	-537.446	1389.27556164384	1082.08378082192
1771	1	1296.718	1304.125	1297.783	NA	NA	NA	NA	300	300	1	1	2	-646.359	1598.79908108108	1295.75854054054
1771	2	1097.783	1112.598	1099.912	0.975	0	0	0	146	154	0.991	0.995	4	-544.891	1399.98608163265	1094.88404081633
1771	3	1099.166	1121.389	1102.361	0.841	0.2678	0.2962	0.2667	10	146	0.292	0.994	6	-543.583	1401.54956164384	1094.35778082192
1785	1	1288.332	1295.74	1289.397	NA	NA	NA	NA	300	300	1	1	2	-642.166	1590.41308108108	1287.37254054054
1785	2	1049.496	1064.311	1051.625	0.996	0	0	0	147	153	0.999	1	4	-520.748	1351.70008163265	1046.59804081633
1785	3	1051.66	1073.883	1054.854	0.965	0.1973	0.2167	0.6	4	149	0.543	1	6	-519.83	1354.04356164384	1046.85178082192
1800	1	1308.635	1316.043	1309.7	NA	NA	NA	NA	300	300	1	1	2	-652.318	1610.71708108108	1307.67654054054
1800	2	1060.499	1075.315	1062.629	0.981	0	0	0	147	153	0.993	0.995	4	-526.25	1362.70408163265	1057.60204081633
1800	3	1058.43	1080.653	1061.624	0.939	0.0524	0.0653	0.0952	9	149	0.58	0.993	6	-523.215	1360.81356164384	1053.62178082192
1832	1	128.753	132.13	125.872	NA	NA	NA	NA	40	40	1	1	2	-62.376	171.418666666667	128.085333333333
1832	2	125.762	132.517	120	0.784	0.0498	0.0745	0.04	15	25	0.854	0.994	4	-58.881	169.526705882353	123.644352941176
1832	3	128.312	138.445	119.67	0.887	0.6779	0.7032	1	8	17	0.914	0.993	6	-58.156	173.812	125.062
1856	1	121.327	124.705	118.447	NA	NA	NA	NA	40	40	1	1	2	-58.664	163.994666666667	120.661333333333
1856	2	123.728	130.483	117.966	0.605	0.6146	0.6545	0.5	20	20	0.893	0.918	4	-57.864	167.492705882353	121.610352941176
1856	3	126.023	136.156	117.381	0.803	0.2656	0.2934	1	7	20	0.849	0.993	6	-57.012	171.524	122.774
1867	1	130.902	134.28	128.022	NA	NA	NA	NA	40	40	1	1	2	-63.451	173.568666666667	130.235333333333
1867	2	128.318	135.074	122.557	0.826	0.0406	0.0601	0.05	12	28	0.936	0.979	4	-60.159	172.082705882353	126.200352941176
1867	3	130.227	140.36	121.584	0.854	0.5956	0.6328	1	11	17	0.882	0.999	6	-59.113	175.726	126.976
1899	1	128.753	132.13	125.872	NA	NA	NA	NA	40	40	1	1	2	-62.376	171.418666666667	128.085333333333
1899	2	125.762	132.517	120	0.784	0.0498	0.0745	0.04	15	25	0.854	0.994	4	-58.881	169.526705882353	123.644352941176
1899	3	128.312	138.445	119.67	0.887	0.6779	0.7032	1	8	17	0.914	0.993	6	-58.156	173.812	125.062
1930	1	125.449	128.826	122.568	NA	NA	NA	NA	40	40	1	1	2	-60.724	168.114666666667	124.781333333333
1930	2	125.33	132.086	119.569	0.774	0.1587	0.1964	0.2	12	28	0.939	0.95	4	-58.665	169.094705882353	123.212352941176
1930	3	125.808	135.941	117.166	0.896	0.6105	0.6479	0.1765	12	15	0.932	1	6	-56.904	171.308	122.558
1957	1	147.145	150.523	144.264	NA	NA	NA	NA	40	40	1	1	2	-71.572	189.810666666667	146.477333333333
1957	2	142.027	148.782	136.265	0.787	0.0266	0.0407	0.0128	17	23	0.834	0.994	4	-67.013	185.790705882353	139.908352941176
1957	3	141.851	151.984	133.208	0.837	0.0525	0.0676	0.2	7	17	0.777	0.993	6	-64.925	187.35	138.6
1994	1	127.056	130.434	124.175	NA	NA	NA	NA	40	40	1	1	2	-61.528	169.722666666667	126.389333333333
1994	2	125.522	132.278	119.761	0.767	0.0636	0.0895	0.1463	10	30	0.82	0.99	4	-58.761	169.286705882353	123.404352941176
1994	3	128.528	138.661	119.885	0.829	0.7022	0.7315	1	9	21	0.859	0.987	6	-58.264	174.028	125.278
2009	1	139.194	142.571	136.313	NA	NA	NA	NA	40	40	1	1	2	-67.597	181.860666666667	138.527333333333
2009	2	127.532	134.288	121.77	0.91	7e-04	0.0019	0	18	22	0.945	0.999	4	-59.766	171.296705882353	125.414352941176
2009	3	131.279	141.413	122.637	0.846	0.5467	0.58	1	4	18	0.778	0.979	6	-59.64	176.78	128.03
2022	1	127.056	130.434	124.175	NA	NA	NA	NA	40	40	1	1	2	-61.528	169.722666666667	126.389333333333
2022	2	125.522	132.278	119.761	0.767	0.0636	0.0895	0.1463	10	30	0.82	0.99	4	-58.761	169.286705882353	123.404352941176
2022	3	128.528	138.661	119.885	0.829	0.7022	0.7315	1	9	21	0.859	0.987	6	-58.264	174.028	125.278
2041	1	147.145	150.523	144.264	NA	NA	NA	NA	40	40	1	1	2	-71.572	189.810666666667	146.477333333333
2041	2	142.027	148.782	136.265	0.787	0.0266	0.0407	0.0128	17	23	0.834	0.994	4	-67.013	185.790705882353	139.908352941176
2041	3	141.851	151.984	133.208	0.837	0.0525	0.0676	0.2	7	17	0.777	0.993	6	-64.925	187.35	138.6
2066	1	118.478	121.856	115.598	NA	NA	NA	NA	40	40	1	1	2	-57.239	161.144666666667	117.811333333333
2066	2	122.043	128.798	116.281	0.406	0.7345	0.7586	1	9	31	0.565	0.94	4	-57.021	165.806705882353	119.924352941176
2066	3	123.179	133.312	114.537	0.924	0.745	0.7744	0.2857	9	16	0.957	0.997	6	-55.59	168.68	119.93
2081	1	118.478	121.856	115.598	NA	NA	NA	NA	40	40	1	1	2	-57.239	161.144666666667	117.811333333333
2081	2	122.043	128.798	116.281	0.406	0.7345	0.7586	1	9	31	0.565	0.94	4	-57.021	165.806705882353	119.924352941176
2081	3	123.179	133.312	114.537	0.924	0.745	0.7744	0.2857	9	16	0.957	0.997	6	-55.59	168.68	119.93
2096	1	147.654	151.032	144.773	NA	NA	NA	NA	40	40	1	1	2	-71.827	190.320666666667	146.987333333333
2096	2	144.964	151.72	139.203	0.719	0.0639	0.0883	0.05	15	25	0.792	0.99	4	-68.482	188.728705882353	142.846352941176
2096	3	140.943	151.076	132.3	0.856	0.0259	0.0362	0.02	9	16	0.806	0.998	6	-64.471	186.442	137.692
2145	1	284.484	289.694	283.378	NA	NA	NA	NA	100	100	1	1	2	-140.242	386.734	283.609
2145	2	287.927	298.347	285.714	0.339	0.6654	0.691	1	24	76	0.545	0.921	4	-139.963	390.56429787234	285.24514893617
2145	3	281.17	296.801	277.852	0.955	0.4518	0.4825	0	24	40	0.978	0.999	6	-134.585	384.387391304348	276.778695652174
2156	1	296.735	301.946	295.629	NA	NA	NA	NA	100	100	1	1	2	-146.368	398.986	295.861
2156	2	296.651	307.071	294.438	0.566	0.1269	0.1579	0.2143	30	70	0.717	0.968	4	-144.325	399.28829787234	293.96914893617
2156	3	292.515	308.146	289.196	0.94	0.4588	0.487	0	30	38	0.967	0.998	6	-140.257	395.731391304348	288.122695652174
2166	1	294.32	299.53	293.213	NA	NA	NA	NA	100	100	1	1	2	-145.16	396.57	293.445
2166	2	298.008	308.429	295.796	0.263	0.8012	0.8181	1	31	69	0.569	0.887	4	-145.004	400.64629787234	295.32714893617
2166	3	294.487	310.118	291.169	0.907	0.4555	0.4895	0.0404	28	41	0.946	0.998	6	-141.244	397.705391304348	290.096695652174
2189	1	324.05	329.261	322.944	NA	NA	NA	NA	100	100	1	1	2	-160.025	426.3	323.175
2189	2	322.745	333.166	320.533	0.65	0.0338	0.0466	0.0779	23	77	0.78	0.955	4	-157.373	425.38429787234	320.06514893617
2189	3	316.803	332.434	313.484	0.803	0.0084	0.013	0	23	44	0.8	0.996	6	-152.401	420.019391304348	312.410695652174
2225	1	354.113	359.324	353.007	NA	NA	NA	NA	100	100	1	1	2	-175.057	456.364	353.239
2225	2	320.085	330.506	317.873	0.905	0	0	0	47	53	0.95	0.998	4	-156.043	422.72429787234	317.40514893617
2225	3	321.922	337.553	318.604	0.843	0.0762	0.0917	0.6667	11	47	0.768	0.99	6	-154.961	425.139391304348	317.530695652174
2232	1	294.32	299.53	293.213	NA	NA	NA	NA	100	100	1	1	2	-145.16	396.57	293.445
2232	2	298.008	308.429	295.796	0.263	0.8012	0.8181	1	31	69	0.569	0.887	4	-145.004	400.64629787234	295.32714893617
2232	3	294.487	310.118	291.169	0.907	0.4555	0.4895	0.0404	28	41	0.946	0.998	6	-141.244	397.705391304348	290.096695652174
2255	1	294.32	299.53	293.213	NA	NA	NA	NA	100	100	1	1	2	-145.16	396.57	293.445
2255	2	298.008	308.429	295.796	0.263	0.8012	0.8181	1	31	69	0.569	0.887	4	-145.004	400.64629787234	295.32714893617
2255	3	294.487	310.118	291.169	0.907	0.4555	0.4895	0.0404	28	41	0.946	0.998	6	-141.244	397.705391304348	290.096695652174
2281	1	354.113	359.324	353.007	NA	NA	NA	NA	100	100	1	1	2	-175.057	456.364	353.239
2281	2	320.085	330.506	317.873	0.905	0	0	0	47	53	0.95	0.998	4	-156.043	422.72429787234	317.40514893617
2281	3	321.922	337.553	318.604	0.843	0.0762	0.0917	0.6667	11	47	0.768	0.99	6	-154.961	425.139391304348	317.530695652174
2286	1	284.484	289.694	283.378	NA	NA	NA	NA	100	100	1	1	2	-140.242	386.734	283.609
2286	2	287.927	298.347	285.714	0.339	0.6654	0.691	1	24	76	0.545	0.921	4	-139.963	390.56429787234	285.24514893617
2286	3	281.17	296.801	277.852	0.955	0.4518	0.4825	0	24	40	0.978	0.999	6	-134.585	384.387391304348	276.778695652174
2300	1	324.05	329.261	322.944	NA	NA	NA	NA	100	100	1	1	2	-160.025	426.3	323.175
2300	2	322.745	333.166	320.533	0.65	0.0338	0.0466	0.0779	23	77	0.78	0.955	4	-157.373	425.38429787234	320.06514893617
2300	3	316.803	332.434	313.484	0.803	0.0084	0.013	0	23	44	0.8	0.996	6	-152.401	420.019391304348	312.410695652174
2326	1	354.113	359.324	353.007	NA	NA	NA	NA	100	100	1	1	2	-175.057	456.364	353.239
2326	2	320.085	330.506	317.873	0.905	0	0	0	47	53	0.95	0.998	4	-156.043	422.72429787234	317.40514893617
2326	3	321.922	337.553	318.604	0.843	0.0762	0.0917	0.6667	11	47	0.768	0.99	6	-154.961	425.139391304348	317.530695652174
2328	1	331.297	336.507	330.19	NA	NA	NA	NA	100	100	1	1	2	-163.648	433.546	330.421
2328	2	315.497	325.918	313.285	0.797	1e-04	2e-04	0	39	61	0.82	0.996	4	-153.749	418.13629787234	312.81714893617
2328	3	317.954	333.585	314.636	0.786	0.2184	0.2436	0.6667	17	44	0.791	0.968	6	-152.977	421.171391304348	313.562695652174
2338	1	294.32	299.53	293.213	NA	NA	NA	NA	100	100	1	1	2	-145.16	396.57	293.445
2338	2	298.008	308.429	295.796	0.263	0.8012	0.8181	1	31	69	0.569	0.887	4	-145.004	400.64629787234	295.32714893617
2338	3	294.487	310.118	291.169	0.907	0.4555	0.4895	0.0404	28	41	0.946	0.998	6	-141.244	397.705391304348	290.096695652174
2365	1	330.471	335.682	329.365	NA	NA	NA	NA	100	100	1	1	2	-163.236	432.722	329.597
2365	2	326.32	336.74	324.107	0.693	0.0548	0.0722	0.0303	41	59	0.892	0.955	4	-159.16	428.95829787234	323.63914893617
2365	3	320.993	336.624	317.675	0.808	0.0065	0.0099	0.02	29	41	0.817	0.997	6	-154.497	424.211391304348	316.602695652174
2414	1	805.759	813.167	806.824	NA	NA	NA	NA	300	300	1	1	2	-400.88	1107.84108108108	804.800540540541
2414	2	809.422	824.237	811.551	0.227	0.8154	0.8285	1	104	196	0.609	0.836	4	-400.711	1111.62608163265	806.524040816327
2414	3	758.602	780.825	761.797	0.981	0.1096	0.1255	0	64	132	0.993	1	6	-373.301	1060.98556164384	753.793780821918
2423	1	856.358	863.766	857.423	NA	NA	NA	NA	300	300	1	1	2	-426.179	1158.43908108108	855.39854054054
2423	2	848.824	863.639	850.953	0.56	0.0026	0.0043	0	96	204	0.733	0.966	4	-420.412	1151.02808163265	845.926040816326
2423	3	807.652	829.875	810.846	0.974	0.1239	0.1407	0	96	103	0.988	0.999	6	-397.826	1110.03556164384	802.843780821918
2438	1	823.755	831.163	824.82	NA	NA	NA	NA	300	300	1	1	2	-409.877	1125.83508108108	822.794540540541
2438	2	824.178	838.993	826.307	0.562	0.0811	0.0976	1	46	254	0.587	0.936	4	-408.089	1126.38208163265	821.280040816327
2438	3	805.072	827.295	808.266	0.932	0.171	0.1909	0	46	140	0.962	0.998	6	-396.536	1107.45556164384	800.263780821918
2457	1	815.231	822.639	816.296	NA	NA	NA	NA	300	300	1	1	2	-405.616	1117.31308108108	814.27254054054
2457	2	819.047	833.862	821.176	0.176	0.8362	0.847	1	88	212	0.502	0.855	4	-405.523	1121.25008163265	816.148040816327
2457	3	768.937	791.16	772.132	0.98	0.1188	0.1358	0	79	133	0.993	1	6	-378.469	1071.32156164384	764.129780821918
2473	1	812.936	820.344	814.001	NA	NA	NA	NA	300	300	1	1	2	-404.468	1115.01708108108	811.976540540541
2473	2	812.835	827.65	814.964	0.539	0.0686	0.0834	1	68	232	0.716	0.904	4	-402.417	1115.03808163265	809.936040816326
2473	3	759.305	781.527	762.499	0.983	0.1174	0.1343	0	68	128	0.994	1	6	-373.652	1061.68756164384	754.495780821918
2484	1	856.358	863.766	857.423	NA	NA	NA	NA	300	300	1	1	2	-426.179	1158.43908108108	855.39854054054
2484	2	848.824	863.639	850.953	0.56	0.0026	0.0043	0	96	204	0.733	0.966	4	-420.412	1151.02808163265	845.926040816326
2484	3	807.652	829.875	810.846	0.974	0.1239	0.1407	0	96	103	0.988	0.999	6	-397.826	1110.03556164384	802.843780821918
2498	1	856.358	863.766	857.423	NA	NA	NA	NA	300	300	1	1	2	-426.179	1158.43908108108	855.39854054054
2498	2	848.824	863.639	850.953	0.56	0.0026	0.0043	0	96	204	0.733	0.966	4	-420.412	1151.02808163265	845.926040816326
2498	3	807.652	829.875	810.846	0.974	0.1239	0.1407	0	96	103	0.988	0.999	6	-397.826	1110.03556164384	802.843780821918
2515	1	815.231	822.639	816.296	NA	NA	NA	NA	300	300	1	1	2	-405.616	1117.31308108108	814.27254054054
2515	2	819.047	833.862	821.176	0.176	0.8362	0.847	1	88	212	0.502	0.855	4	-405.523	1121.25008163265	816.148040816327
2515	3	768.937	791.16	772.132	0.98	0.1188	0.1358	0	79	133	0.993	1	6	-378.469	1071.32156164384	764.129780821918
2529	1	812.936	820.344	814.001	NA	NA	NA	NA	300	300	1	1	2	-404.468	1115.01708108108	811.976540540541
2529	2	812.835	827.65	814.964	0.539	0.0686	0.0834	1	68	232	0.716	0.904	4	-402.417	1115.03808163265	809.936040816326
2529	3	759.305	781.527	762.499	0.983	0.1174	0.1343	0	68	128	0.994	1	6	-373.652	1061.68756164384	754.495780821918
2539	1	812.936	820.344	814.001	NA	NA	NA	NA	300	300	1	1	2	-404.468	1115.01708108108	811.976540540541
2539	2	812.835	827.65	814.964	0.539	0.0686	0.0834	1	68	232	0.716	0.904	4	-402.417	1115.03808163265	809.936040816326
2539	3	759.305	781.527	762.499	0.983	0.1174	0.1343	0	68	128	0.994	1	6	-373.652	1061.68756164384	754.495780821918
2549	1	962.236	969.644	963.301	NA	NA	NA	NA	300	300	1	1	2	-479.118	1264.31708108108	961.276540540541
2549	2	900.135	914.95	902.265	0.815	0	0	0	130	170	0.868	0.996	4	-446.068	1202.34008163265	897.238040816326
2549	3	898.018	920.241	901.212	0.847	0.1707	0.1894	0.051	50	130	0.864	0.984	6	-443.009	1200.40156164384	893.209780821918
2585	1	949.651	957.058	950.715	NA	NA	NA	NA	300	300	1	1	2	-472.825	1251.73108108108	948.69054054054
2585	2	918.215	933.03	920.345	0.732	0	0	0	130	170	0.867	0.982	4	-455.108	1220.42008163265	915.318040816327
2585	3	914.46	936.683	917.654	0.814	0.07	0.0828	0.0128	70	130	0.852	0.99	6	-451.23	1216.84356164384	909.651780821918
2610	1	856.358	863.766	857.423	NA	NA	NA	NA	300	300	1	1	2	-426.179	1158.43908108108	855.39854054054
2610	2	848.824	863.639	850.953	0.56	0.0026	0.0043	0	96	204	0.733	0.966	4	-420.412	1151.02808163265	845.926040816326
2610	3	807.652	829.875	810.846	0.974	0.1239	0.1407	0	96	103	0.988	0.999	6	-397.826	1110.03556164384	802.843780821918
2629	1	856.358	863.766	857.423	NA	NA	NA	NA	300	300	1	1	2	-426.179	1158.43908108108	855.39854054054
2629	2	848.824	863.639	850.953	0.56	0.0026	0.0043	0	96	204	0.733	0.966	4	-420.412	1151.02808163265	845.926040816326
2629	3	807.652	829.875	810.846	0.974	0.1239	0.1407	0	96	103	0.988	0.999	6	-397.826	1110.03556164384	802.843780821918
2645	1	856.358	863.766	857.423	NA	NA	NA	NA	300	300	1	1	2	-426.179	1158.43908108108	855.39854054054
2645	2	848.824	863.639	850.953	0.56	0.0026	0.0043	0	96	204	0.733	0.966	4	-420.412	1151.02808163265	845.926040816326
2645	3	807.652	829.875	810.846	0.974	0.1239	0.1407	0	96	103	0.988	0.999	6	-397.826	1110.03556164384	802.843780821918
2649	1	949.651	957.058	950.715	NA	NA	NA	NA	300	300	1	1	2	-472.825	1251.73108108108	948.69054054054
2649	2	918.215	933.03	920.345	0.732	0	0	0	130	170	0.867	0.982	4	-455.108	1220.42008163265	915.318040816327
2649	3	914.46	936.683	917.654	0.814	0.07	0.0828	0.0128	70	130	0.852	0.99	6	-451.23	1216.84356164384	909.651780821918
2682	1	823.755	831.163	824.82	NA	NA	NA	NA	300	300	1	1	2	-409.877	1125.83508108108	822.794540540541
2682	2	824.178	838.993	826.307	0.562	0.0811	0.0976	1	46	254	0.587	0.936	4	-408.089	1126.38208163265	821.280040816327
2682	3	805.072	827.295	808.266	0.932	0.171	0.1909	0	46	140	0.962	0.998	6	-396.536	1107.45556164384	800.263780821918
2689	1	962.236	969.644	963.301	NA	NA	NA	NA	300	300	1	1	2	-479.118	1264.31708108108	961.276540540541
2689	2	900.135	914.95	902.265	0.815	0	0	0	130	170	0.868	0.996	4	-446.068	1202.34008163265	897.238040816326
2689	3	898.018	920.241	901.212	0.847	0.1707	0.1894	0.051	50	130	0.864	0.984	6	-443.009	1200.40156164384	893.209780821918
