12	1	133.807	137.185	130.926	NA	NA	NA	NA	40	40	1	1	2	-64.904	176.474666666667	133.141333333333
12	2	136.409	143.164	130.647	0.572	0.4859	0.5312	0.5	10	30	0.689	0.967	4	-64.204	180.172705882353	134.290352941176
12	3	134.916	145.05	126.274	0.864	0.1239	0.1638	0.1132	10	20	0.903	0.983	6	-61.458	180.416	131.666
46	1	112.096	115.474	109.215	NA	NA	NA	NA	40	40	1	1	2	-54.048	154.762666666667	111.429333333333
46	2	113.983	120.739	108.222	0.917	0.0878	0.1098	0.3077	2	38	0.82	0.99	4	-52.992	157.748705882353	111.866352941176
46	3	110.042	120.175	101.399	0.935	0.0874	0.1214	0.0652	2	22	0.969	0.988	6	-49.021	155.542	106.792
83	1	133.923	137.3	131.042	NA	NA	NA	NA	40	40	1	1	2	-64.961	176.588666666667	133.255333333333
83	2	137.318	144.073	131.556	0.517	0.8265	0.846	1	14	26	0.792	0.894	4	-64.659	181.082705882353	135.200352941176
83	3	138.86	148.993	130.218	0.815	0.3116	0.3415	1	2	24	0.73	0.932	6	-63.43	184.36	135.61
100	1	124.545	127.923	121.664	NA	NA	NA	NA	40	40	1	1	2	-60.273	167.212666666667	123.879333333333
100	2	124.692	131.447	118.93	0.719	0.3226	0.3736	0.2	20	20	0.909	0.931	4	-58.346	168.456705882353	122.574352941176
100	3	127.097	137.231	118.455	0.842	0.2176	0.247	0.3333	1	20	0.872	0.948	6	-57.549	172.598	123.848
113	1	162.678	166.056	159.797	NA	NA	NA	NA	40	40	1	1	2	-79.339	205.344666666667	162.011333333333
113	2	157.167	163.922	151.405	0.873	0.0118	0.0207	0	18	22	0.946	0.992	4	-74.583	200.930705882353	155.048352941176
113	3	159.858	169.991	151.215	0.789	0.5157	0.5511	1	10	18	0.832	0.991	6	-73.929	205.358	156.608
128	1	161.497	164.875	158.616	NA	NA	NA	NA	40	40	1	1	2	-78.749	204.164666666667	160.831333333333
128	2	156.501	163.256	150.739	0.814	0.0226	0.0358	0.02	19	21	0.935	0.955	4	-74.25	200.264705882353	154.382352941176
128	3	158.046	168.179	149.403	0.798	0.3758	0.4235	0.3333	9	17	0.77	0.96	6	-73.023	203.546	154.796
155	1	170.383	173.761	167.503	NA	NA	NA	NA	40	40	1	1	2	-83.192	213.050666666667	169.717333333333
155	2	165.968	172.723	160.206	0.859	0.0322	0.0496	0.02	19	21	0.93	0.992	4	-78.984	209.732705882353	163.850352941176
155	3	169.644	179.778	161.002	0.848	0.6502	0.6685	1	1	21	0.453	0.996	6	-78.822	215.144	166.394
187	1	152.592	155.97	149.711	NA	NA	NA	NA	40	40	1	1	2	-74.296	195.258666666667	151.925333333333
187	2	155.751	162.507	149.99	0.479	0.6168	0.654	1	12	28	0.696	0.912	4	-73.876	199.516705882353	153.634352941176
187	3	159.01	169.143	150.367	0.659	0.8087	0.8305	0.5	6	19	0.797	0.88	6	-73.505	204.51	155.76
199	1	159.979	163.357	157.098	NA	NA	NA	NA	40	40	1	1	2	-77.99	202.646666666667	159.313333333333
199	2	161.689	168.444	155.927	0.634	0.4776	0.5264	0.3077	18	22	0.87	0.902	4	-76.844	205.452705882353	159.570352941176
199	3	164.661	174.794	156.019	0.775	0.2868	0.3143	1	1	21	0.577	0.954	6	-76.33	210.16	161.41
214	1	175.169	178.547	172.288	NA	NA	NA	NA	40	40	1	1	2	-85.585	217.836666666667	174.503333333333
214	2	155.852	162.607	150.09	0.965	1e-04	2e-04	0	19	21	0.981	0.999	4	-73.926	199.616705882353	153.734352941176
214	3	159.595	169.728	150.953	0.85	0.7831	0.7955	1	3	19	0.609	0.989	6	-73.798	205.096	156.346
223	1	180.848	184.226	177.967	NA	NA	NA	NA	40	40	1	1	2	-88.424	223.514666666667	180.181333333333
223	2	168.183	174.939	162.422	0.932	0.001	0.0022	0	18	22	0.981	0.982	4	-80.092	211.948705882353	166.066352941176
223	3	170.633	180.767	161.991	0.841	0.4724	0.5081	0.6667	7	17	0.796	0.991	6	-79.317	216.134	167.384
232	1	174.32	177.698	171.439	NA	NA	NA	NA	40	40	1	1	2	-85.16	216.986666666667	173.653333333333
232	2	161.725	168.48	155.963	0.938	0.0029	0.0057	0	19	21	0.98	0.995	4	-76.862	205.488705882353	159.606352941176
232	3	161.08	171.213	152.437	0.863	0.1018	0.1309	0.0779	7	19	0.788	0.999	6	-74.54	206.58	157.83
270	1	180.124	183.502	177.244	NA	NA	NA	NA	40	40	1	1	2	-88.062	222.790666666667	179.457333333333
270	2	172.534	179.29	166.772	0.942	0.0043	0.0084	0	20	20	0.989	0.994	4	-82.267	216.298705882353	170.416352941176
270	3	176.133	186.267	167.491	0.789	0.7486	0.765	1	5	20	0.597	0.997	6	-82.067	221.634	172.884
291	1	176.713	180.091	173.832	NA	NA	NA	NA	40	40	1	1	2	-86.356	219.378666666667	176.045333333333
291	2	173.904	180.659	168.142	0.761	0.0524	0.0744	0.05	18	22	0.917	0.934	4	-82.952	217.668705882353	171.786352941176
291	3	172.861	182.995	164.219	0.852	0.2566	0.3021	0.2143	12	15	0.887	0.991	6	-80.431	218.362	169.612
330	1	316.348	321.558	315.242	NA	NA	NA	NA	100	100	1	1	2	-156.174	418.598	315.473
330	2	318.63	329.051	316.418	0.466	0.4718	0.5116	0.6667	36	64	0.744	0.89	4	-155.315	421.26829787234	315.94914893617
330	3	320.93	336.561	317.611	0.675	0.6862	0.713	0.6	24	52	0.788	0.882	6	-154.465	424.147391304348	316.538695652174
347	1	313.476	318.686	312.369	NA	NA	NA	NA	100	100	1	1	2	-154.738	415.726	312.601
347	2	316.707	327.128	314.495	0.928	0.3247	0.349	1	1	99	0.376	0.998	4	-154.354	419.34629787234	314.02714893617
347	3	315.849	331.48	312.531	0.787	0.1726	0.2115	0.2353	3	68	0.783	0.946	6	-151.925	419.067391304348	311.458695652174
363	1	317.397	322.608	316.291	NA	NA	NA	NA	100	100	1	1	2	-156.699	419.648	316.523
363	2	321.119	331.54	318.907	0.365	0.8653	0.8751	1	21	79	0.509	0.912	4	-156.56	423.75829787234	318.43914893617
363	3	322.785	338.416	319.467	0.706	0.1992	0.2195	0.6667	3	72	0.709	0.927	6	-155.393	426.003391304348	318.394695652174
382	1	280.697	285.908	279.591	NA	NA	NA	NA	100	100	1	1	2	-138.349	382.948	279.823
382	2	284.4	294.82	282.187	0.3	0.9045	0.9132	1	28	72	0.563	0.869	4	-138.2	387.03829787234	281.71914893617
382	3	288.11	303.741	284.791	0.546	0.7788	0.7845	1	4	59	0.433	0.853	6	-138.055	391.327391304348	283.718695652174
388	1	330.604	335.815	329.498	NA	NA	NA	NA	100	100	1	1	2	-163.302	432.854	329.729
388	2	332.776	343.197	330.564	0.515	0.4946	0.5289	0.6667	26	74	0.678	0.941	4	-162.388	435.41429787234	330.09514893617
388	3	333.136	348.767	329.817	0.708	0.5585	0.5811	0.1818	17	60	0.728	0.904	6	-160.568	436.353391304348	328.744695652174
407	1	388.232	393.442	387.126	NA	NA	NA	NA	100	100	1	1	2	-192.116	490.482	387.357
407	2	384.383	394.804	382.171	0.697	0.0353	0.0503	0.03	45	55	0.888	0.944	4	-188.192	487.02229787234	381.70314893617
407	3	387.119	402.75	383.801	0.687	0.4877	0.5191	0.6667	13	44	0.632	0.946	6	-187.56	490.337391304348	382.728695652174
438	1	384.904	390.114	383.798	NA	NA	NA	NA	100	100	1	1	2	-190.452	487.154	384.029
438	2	382.578	392.999	380.366	0.666	0.1746	0.2056	0.0404	49	51	0.884	0.922	4	-187.289	485.21629787234	379.89714893617
438	3	381.103	396.734	377.785	0.826	0.0377	0.0493	0.0779	5	49	0.744	0.947	6	-184.552	484.321391304348	376.712695652174
486	1	379.235	384.446	378.129	NA	NA	NA	NA	100	100	1	1	2	-187.618	481.486	378.361
486	2	369.849	380.27	367.637	0.798	0.0018	0.0035	0	46	54	0.924	0.971	4	-180.924	472.48629787234	367.16714893617
486	3	372.419	388.05	369.101	0.74	0.5039	0.5308	0.6667	15	45	0.694	0.967	6	-180.21	475.637391304348	368.028695652174
495	1	400.059	405.269	398.953	NA	NA	NA	NA	100	100	1	1	2	-198.029	502.308	399.183
495	2	375.754	386.175	373.542	0.877	0	0	0	50	50	0.963	0.969	4	-183.877	478.39229787234	373.07314893617
495	3	379.193	394.824	375.875	0.751	0.8058	0.823	1	10	47	0.461	0.966	6	-183.597	482.411391304348	374.802695652174
504	1	454.244	459.455	453.138	NA	NA	NA	NA	100	100	1	1	2	-225.122	556.494	453.369
504	2	417.173	427.593	414.96	0.943	0	0	0	48	52	0.987	0.989	4	-204.586	519.81029787234	414.49114893617
504	3	417.031	432.662	413.713	0.792	0.0862	0.1102	0.1132	23	47	0.804	0.991	6	-202.516	520.249391304348	412.640695652174
535	1	435.635	440.846	434.529	NA	NA	NA	NA	100	100	1	1	2	-215.818	537.886	434.761
535	2	398.953	409.373	396.74	0.942	0	0	0	48	52	0.983	0.989	4	-195.476	501.59029787234	396.27114893617
535	3	401.212	416.843	397.894	0.761	0.3706	0.4065	0.5	23	47	0.775	0.986	6	-194.606	504.429391304348	396.820695652174
552	1	448.788	453.998	447.681	NA	NA	NA	NA	100	100	1	1	2	-222.394	551.038	447.913
552	2	444.315	454.735	442.102	0.709	0.0595	0.0789	0.0303	48	52	0.899	0.944	4	-218.157	546.95229787234	441.63314893617
552	3	446.915	462.546	443.596	0.824	0.1937	0.2166	0.6667	1	51	0.51	0.943	6	-217.457	550.131391304348	442.522695652174
580	1	438.941	444.152	437.835	NA	NA	NA	NA	100	100	1	1	2	-217.471	541.192	438.067
580	2	393.84	404.261	391.628	0.965	0	0	0	50	50	0.99	0.993	4	-192.92	496.47829787234	391.15914893617
580	3	397.065	412.696	393.746	0.777	0.6367	0.6585	0.6667	16	49	0.648	0.988	6	-192.532	500.281391304348	392.672695652174
597	1	446.377	451.588	445.271	NA	NA	NA	NA	100	100	1	1	2	-221.189	548.628	445.503
597	2	422.312	432.733	420.1	0.877	1e-04	1e-04	0	50	50	0.958	0.971	4	-207.156	524.95029787234	419.63114893617
597	3	425.012	440.643	421.694	0.868	0.3628	0.3909	0.5	3	49	0.546	0.966	6	-206.506	528.229391304348	420.620695652174
615	1	932.683	940.09	933.747	NA	NA	NA	NA	300	300	1	1	2	-464.341	1234.76308108108	931.722540540541
615	2	935.373	950.188	937.502	0.442	0.4546	0.484	1	34	266	0.362	0.953	4	-463.686	1237.57608163265	932.474040816326
615	3	939.373	961.595	942.567	0.543	NA	0.4993	NA	0	276	0	0.973	6	-463.686	1241.75556164384	934.563780821918
632	1	887.37	894.778	888.435	NA	NA	NA	NA	300	300	1	1	2	-441.685	1189.45108108108	886.410540540541
632	2	890.285	905.1	892.414	0.304	0.5253	0.5558	1	102	198	0.634	0.855	4	-441.142	1192.48808163265	887.386040816326
632	3	893.149	915.372	896.344	0.522	0.6457	0.6733	1	49	194	0.627	0.865	6	-440.575	1195.53356164384	888.341780821918
647	1	927.328	934.736	928.393	NA	NA	NA	NA	300	300	1	1	2	-461.664	1229.40908108108	926.36854054054
647	2	929.321	944.136	931.451	0.489	0.4179	0.4461	1	42	258	0.466	0.946	4	-460.661	1231.52608163265	926.424040816327
647	3	931.162	953.385	934.356	0.655	0.4135	0.4386	1	13	225	0.475	0.922	6	-459.581	1233.54556164384	926.353780821918
665	1	922.763	930.171	923.828	NA	NA	NA	NA	300	300	1	1	2	-459.382	1224.84508108108	921.804540540541
665	2	924.983	939.798	927.112	0.765	0.1846	0.2053	1	8	292	0.276	0.99	4	-458.491	1227.18608163265	922.084040816326
665	3	927.14	949.363	930.334	0.582	0.4223	0.4565	0.6667	14	212	0.565	0.898	6	-457.57	1229.52356164384	922.331780821918
682	1	943.972	951.38	945.037	NA	NA	NA	NA	300	300	1	1	2	-469.986	1246.05308108108	943.01254054054
682	2	947.823	962.639	949.953	0.295	0.8791	0.886	1	34	266	0.276	0.943	4	-469.912	1250.02808163265	944.926040816326
682	3	950.871	973.093	954.065	0.55	0.95	0.956	1	10	245	0.27	0.936	6	-469.435	1253.25356164384	946.061780821918
699	1	910.122	917.53	911.187	NA	NA	NA	NA	300	300	1	1	2	-453.061	1212.20308108108	909.16254054054
699	2	906.943	921.759	909.073	0.54	0.0193	0.026	0	69	231	0.664	0.938	4	-449.472	1209.14808163265	904.046040816326
699	3	906.895	929.118	910.089	0.613	0.2129	0.2413	0.12	50	173	0.738	0.864	6	-447.447	1209.27756164384	902.085780821918
732	1	1177.132	1184.54	1178.197	NA	NA	NA	NA	300	300	1	1	2	-586.566	1479.21308108108	1176.17254054054
732	2	1150.886	1165.701	1153.015	0.717	0	0	0	142	158	0.909	0.926	4	-571.443	1453.09008163265	1147.98804081633
732	3	1151.899	1174.122	1155.093	0.636	0.2931	0.3246	1	65	119	0.712	0.907	6	-569.949	1454.28156164384	1147.08978082192
750	1	1186.947	1194.354	1188.012	NA	NA	NA	NA	300	300	1	1	2	-591.473	1489.02708108108	1185.98654054054
750	2	1159.042	1173.857	1161.171	0.742	0	0	0	131	169	0.908	0.945	4	-575.521	1461.24608163265	1156.14404081633
750	3	1162.136	1184.358	1165.33	0.682	0.474	0.4983	1	16	154	0.361	0.933	6	-575.068	1464.51956164384	1157.32778082192
770	1	1181.001	1188.409	1182.066	NA	NA	NA	NA	300	300	1	1	2	-588.501	1483.08308108108	1180.04254054054
770	2	1157.159	1171.974	1159.288	0.697	0	0	0	144	156	0.906	0.913	4	-574.579	1459.36208163265	1154.26004081633
770	3	1159.537	1181.76	1162.731	0.604	0.4623	0.4968	1	77	113	0.627	0.889	6	-573.768	1461.91956164384	1154.72778082192
788	1	1162.786	1170.194	1163.851	NA	NA	NA	NA	300	300	1	1	2	-579.393	1464.86708108108	1161.82654054054
788	2	1142.926	1157.741	1145.056	0.689	0	0	0	138	162	0.898	0.922	4	-567.463	1445.13008163265	1140.02804081633
788	3	1145.909	1168.132	1149.103	0.602	0.5018	0.529	1	41	147	0.576	0.918	6	-566.955	1448.29356164384	1141.10178082192
805	1	1319.445	1326.853	1320.51	NA	NA	NA	NA	300	300	1	1	2	-657.723	1621.52708108108	1318.48654054054
805	2	1240.054	1254.869	1242.184	0.886	0	0	0	143	157	0.968	0.974	4	-616.027	1542.25808163265	1237.15604081633
805	3	1241.938	1264.161	1245.132	0.767	0.2145	0.2378	1	19	155	0.425	0.979	6	-614.969	1544.32156164384	1237.12978082192
824	1	1339.253	1346.66	1340.317	NA	NA	NA	NA	300	300	1	1	2	-667.626	1641.33308108108	1338.29254054054
824	2	1271.246	1286.061	1273.375	0.866	0	0	0	146	154	0.958	0.971	4	-631.623	1573.45008163265	1268.34804081633
824	3	1273.209	1295.431	1276.403	0.769	0.2133	0.2397	0.6667	15	145	0.373	0.97	6	-630.604	1575.59156164384	1268.39978082192
843	1	1320.477	1327.884	1321.542	NA	NA	NA	NA	300	300	1	1	2	-658.238	1622.55708108108	1319.51654054054
843	2	1222.364	1237.179	1224.493	0.913	0	0	0	144	156	0.971	0.984	4	-607.182	1524.56808163265	1219.46604081633
843	3	1225.906	1248.129	1229.1	0.928	0.4915	0.5093	1	1	156	0.275	0.986	6	-606.953	1528.28956164384	1221.09778082192
863	1	1333.751	1341.159	1334.816	NA	NA	NA	NA	300	300	1	1	2	-664.876	1635.83308108108	1332.79254054054
863	2	1228.15	1242.965	1230.279	0.917	0	0	0	148	152	0.971	0.985	4	-610.075	1530.35408163265	1225.25204081633
863	3	1230.434	1252.657	1233.628	0.906	0.1936	0.2137	0.6667	5	150	0.486	0.982	6	-609.217	1532.81756164384	1225.62578082192
881	1	1322.976	1330.383	1324.04	NA	NA	NA	NA	300	300	1	1	2	-659.488	1625.05708108108	1322.01654054054
881	2	1202.414	1217.229	1204.543	0.933	0	0	0	148	152	0.978	0.988	4	-597.207	1504.61808163265	1199.51604081633
881	3	1205.647	1227.869	1208.841	0.782	0.5956	0.621	1	17	152	0.304	0.987	6	-596.823	1508.02956164384	1200.83778082192
899	1	1325.834	1333.242	1326.899	NA	NA	NA	NA	300	300	1	1	2	-660.917	1627.91508108108	1324.87454054054
899	2	1203.195	1218.01	1205.324	0.929	0	0	0	147	153	0.979	0.981	4	-597.597	1505.39808163265	1200.29604081633
899	3	1204.991	1227.214	1208.185	0.821	0.2411	0.2711	0.6	21	142	0.467	0.983	6	-596.496	1507.37556164384	1200.18378082192
917	1	101.957	105.334	99.076	NA	NA	NA	NA	40	40	1	1	2	-48.978	144.622666666667	101.289333333333
917	2	93.238	99.994	87.477	0.995	1e-04	2e-04	0	2	38	0.987	1	4	-42.619	137.002705882353	91.1203529411765
917	3	94.364	104.497	85.721	0.771	0.3816	0.434	0.2857	2	20	0.885	1	6	-41.182	139.864	91.114
946	1	100.298	103.676	97.418	NA	NA	NA	NA	40	40	1	1	2	-48.149	142.964666666667	99.6313333333333
946	2	104.263	111.019	98.502	0.244	0.9734	0.9748	1	13	27	0.582	0.836	4	-48.132	148.028705882353	102.146352941176
946	3	107.076	117.209	98.434	0.714	0.2659	0.2868	0.6667	2	27	0.746	0.911	6	-47.538	152.576	103.826
961	1	111.125	114.503	108.244	NA	NA	NA	NA	40	40	1	1	2	-53.562	153.790666666667	110.457333333333
961	2	111.687	118.442	105.925	0.667	0.1852	0.2262	0.2083	15	25	0.893	0.907	4	-51.843	155.450705882353	109.568352941176
961	3	114.028	124.162	105.386	0.738	0.4646	0.5087	0.5	7	17	0.867	0.898	6	-51.014	159.528	110.778
977	1	112.226	115.604	109.345	NA	NA	NA	NA	40	40	1	1	2	-54.113	154.892666666667	111.559333333333
977	2	113.797	120.552	108.035	0.699	0.4222	0.4751	0.3077	15	25	0.895	0.935	4	-52.898	157.560705882353	111.678352941176
977	3	117.418	127.551	108.776	0.73	0.7794	0.7912	1	3	24	0.522	0.947	6	-52.709	162.918	114.168
986	1	96.336	99.713	93.455	NA	NA	NA	NA	40	40	1	1	2	-46.168	139.002666666667	95.6693333333333
986	2	97.077	103.833	91.315	0.716	0.1596	0.2004	0.2857	11	29	0.843	0.966	4	-44.539	140.842705882353	94.9603529411765
986	3	98.861	108.995	90.219	0.767	0.5196	0.5678	0.3333	11	15	0.82	0.985	6	-43.431	144.362	95.612
996	1	97.974	101.352	95.093	NA	NA	NA	NA	40	40	1	1	2	-46.987	140.640666666667	97.3073333333333
996	2	100.5	107.255	94.738	0.564	0.396	0.4385	0.5	10	30	0.7	0.94	4	-46.25	144.264705882353	98.3823529411765
996	3	103.07	113.203	94.427	0.704	0.6339	0.6744	0.5	7	20	0.853	0.868	6	-45.535	148.57	99.82
1009	1	155.765	159.143	152.884	NA	NA	NA	NA	40	40	1	1	2	-75.883	198.432666666667	155.099333333333
1009	2	144.613	151.369	138.852	0.95	0.0153	0.0244	0	19	21	0.988	0.994	4	-68.307	188.378705882353	142.496352941176
1009	3	147.497	157.63	138.855	0.931	0.4011	0.4275	1	1	20	0.626	0.998	6	-67.748	192.996	144.246
1021	1	149.992	153.37	147.111	NA	NA	NA	NA	40	40	1	1	2	-72.996	192.658666666667	149.325333333333
1021	2	147.539	154.295	141.778	0.834	0.1739	0.2118	0.05	20	20	0.942	0.968	4	-69.77	191.304705882353	145.422352941176
1021	3	144.932	155.065	136.29	0.947	0.0305	0.0424	0	3	19	0.91	0.996	6	-66.466	190.432	141.682
1054	1	150.62	153.997	147.739	NA	NA	NA	NA	40	40	1	1	2	-73.31	193.286666666667	149.953333333333
1054	2	128.826	135.581	123.064	0.995	0.0295	0.0418	0	20	20	0.999	1	4	-60.413	172.590705882353	126.708352941176
1054	3	126.134	136.267	117.492	0.998	0.0028	0.005	0	1	20	0.991	1	6	-57.067	171.634	122.884
1074	1	152.144	155.521	149.263	NA	NA	NA	NA	40	40	1	1	2	-74.072	194.810666666667	151.477333333333
1074	2	142.858	149.613	137.096	0.929	0.0024	0.0049	0	20	20	0.982	0.992	4	-67.429	186.622705882353	140.740352941176
1074	3	146.288	156.421	137.646	0.823	0.5614	0.5889	1	3	20	0.554	0.994	6	-67.144	191.788	143.038
1095	1	150.031	153.408	147.15	NA	NA	NA	NA	40	40	1	1	2	-73.015	192.696666666667	149.363333333333
1095	2	130.925	137.681	125.164	0.972	3e-04	8e-04	0	19	21	0.992	0.998	4	-61.463	174.690705882353	128.808352941176
1095	3	132.964	143.097	124.322	0.857	0.3934	0.4262	1	5	19	0.768	1	6	-60.482	178.464	129.714
1109	1	172.765	176.142	169.884	NA	NA	NA	NA	40	40	1	1	2	-84.382	215.430666666667	172.097333333333
1109	2	143.556	150.312	137.795	0.997	0.0011	0.0023	0	20	20	0.999	1	4	-67.778	187.320705882353	141.438352941176
1109	3	144.246	154.379	135.604	0.955	0.2005	0.2282	0.1154	2	20	0.757	1	6	-66.123	189.746	140.996
1139	1	174.681	178.059	171.8	NA	NA	NA	NA	40	40	1	1	2	-85.341	217.348666666667	174.015333333333
1139	2	144.7	151.455	138.938	0.995	0	0	0	20	20	0.999	1	4	-68.35	188.464705882353	142.582352941176
1139	3	147.725	157.858	139.083	0.832	0.4188	0.4562	1	4	20	0.584	1	6	-67.862	193.224	144.474
1148	1	173.856	177.234	170.975	NA	NA	NA	NA	40	40	1	1	2	-84.928	216.522666666667	173.189333333333
1148	2	154.142	160.897	148.38	0.97	1e-04	2e-04	0	20	20	0.991	0.995	4	-73.071	197.906705882353	152.024352941176
1148	3	157.454	167.587	148.811	0.788	0.7294	0.7499	1	8	20	0.714	0.999	6	-72.727	202.954	154.204
1156	1	177.364	180.742	174.483	NA	NA	NA	NA	40	40	1	1	2	-86.682	220.030666666667	176.697333333333
1156	2	133.021	139.776	127.259	1	0	0	0	20	20	1	1	4	-62.51	176.784705882353	130.902352941176
1156	3	134.454	144.587	125.812	0.838	0.1895	0.2286	0.375	6	20	0.673	1	6	-61.227	179.954	131.204
1165	1	179.451	182.829	176.57	NA	NA	NA	NA	40	40	1	1	2	-87.725	222.116666666667	178.783333333333
1165	2	149.284	156.04	143.523	0.979	5e-04	0.0012	0	20	20	0.99	1	4	-70.642	193.048705882353	147.166352941176
1165	3	148.144	158.277	139.502	0.947	0.0412	0.0576	0.04	3	20	0.782	1	6	-68.072	193.644	144.894
1210	1	272.504	277.715	271.398	NA	NA	NA	NA	100	100	1	1	2	-134.252	374.754	271.629
1210	2	272.98	283.401	270.768	0.591	0.3235	0.3594	0.25	24	76	0.72	0.942	4	-132.49	375.61829787234	270.29914893617
1210	3	275.551	291.182	272.232	0.731	0.1433	0.1617	0.6	1	67	0.763	0.918	6	-131.775	378.767391304348	271.158695652174
1228	1	261.437	266.648	260.331	NA	NA	NA	NA	100	100	1	1	2	-128.719	363.688	260.563
1228	2	262.393	272.814	260.181	0.842	0.0973	0.1189	0.2667	5	95	0.599	0.986	4	-127.196	365.03029787234	259.71114893617
1228	3	265.647	281.278	262.328	0.603	0.8174	0.8409	1	5	54	0.775	0.817	6	-126.823	368.863391304348	261.254695652174
1241	1	228.374	233.585	227.268	NA	NA	NA	NA	100	100	1	1	2	-112.187	330.624	227.499
1241	2	227.986	238.407	225.774	0.995	0.0108	0.0151	0.1395	1	99	0.964	1	4	-109.993	330.62429787234	225.30514893617
1241	3	228.97	244.601	225.651	0.686	0.2245	0.2605	0.6667	1	59	0.783	0.997	6	-108.485	332.187391304348	224.578695652174
1266	1	246.752	251.963	245.646	NA	NA	NA	NA	100	100	1	1	2	-121.376	349.002	245.877
1266	2	250.195	260.616	247.983	0.388	0.8969	0.9088	1	47	53	0.795	0.818	4	-121.098	352.83429787234	247.51514893617
1266	3	252.388	268.019	249.069	0.693	0.1835	0.201	0.375	1	50	0.611	0.882	6	-120.194	355.605391304348	247.996695652174
1282	1	272.825	278.035	271.718	NA	NA	NA	NA	100	100	1	1	2	-134.412	375.074	271.949
1282	2	270.915	281.336	268.703	0.624	0.4029	0.4321	0.0505	34	66	0.819	0.918	4	-131.458	373.55429787234	268.23514893617
1282	3	266.921	282.552	263.603	0.831	0.0099	0.0138	0	2	55	0.733	0.94	6	-127.461	370.139391304348	262.530695652174
1327	1	362.474	367.685	361.368	NA	NA	NA	NA	100	100	1	1	2	-179.237	464.724	361.599
1327	2	329.593	340.014	327.381	0.937	0	1e-04	0	48	52	0.984	0.985	4	-160.796	432.23029787234	326.91114893617
1327	3	329.23	344.861	325.911	0.899	0.0746	0.0928	0.1395	5	48	0.664	0.993	6	-158.615	432.447391304348	324.838695652174
1357	1	375.359	380.569	374.253	NA	NA	NA	NA	100	100	1	1	2	-185.679	477.608	374.483
1357	2	299.154	309.574	296.941	0.983	0	0	0	50	50	0.99	0.998	4	-145.577	401.79229787234	296.47314893617
1357	3	300.358	315.989	297.04	0.842	0.3724	0.408	0.1935	12	50	0.647	0.999	6	-144.179	403.575391304348	295.966695652174
1372	1	361.109	366.32	360.003	NA	NA	NA	NA	100	100	1	1	2	-178.555	463.36	360.235
1372	2	333.863	344.284	331.651	0.913	0	0	0	49	51	0.973	0.986	4	-162.931	436.50029787234	331.18114893617
1372	3	337.524	353.155	334.205	0.776	0.6726	0.6915	1	4	51	0.282	0.992	6	-162.762	440.741391304348	333.132695652174
1384	1	372.927	378.138	371.821	NA	NA	NA	NA	100	100	1	1	2	-184.464	475.178	372.053
1384	2	350.047	360.467	347.834	0.904	3e-04	6e-04	0	49	51	0.975	0.984	4	-171.023	452.68429787234	347.36514893617
1384	3	351.744	367.375	348.426	0.922	0.1181	0.1382	0.2174	2	49	0.709	0.985	6	-169.872	454.961391304348	347.352695652174
1401	1	426.751	431.961	425.645	NA	NA	NA	NA	100	100	1	1	2	-211.376	529.002	425.877
1401	2	342.727	353.148	340.515	0.998	0	0	0	50	50	1	1	4	-167.364	445.36629787234	340.04714893617
1401	3	343.889	359.52	340.571	0.968	0.1214	0.1425	0.3077	3	50	0.815	1	6	-165.945	447.107391304348	339.498695652174
1416	1	430.393	435.604	429.287	NA	NA	NA	NA	100	100	1	1	2	-213.197	532.644	429.519
1416	2	341.167	351.588	338.955	0.999	0	0	0	50	50	1	1	4	-166.584	443.80629787234	338.48714893617
1416	3	344.257	359.888	340.939	0.937	0.3876	0.4137	0.5	2	50	0.447	1	6	-166.129	447.475391304348	339.866695652174
1433	1	434.551	439.761	433.444	NA	NA	NA	NA	100	100	1	1	2	-215.275	536.8	433.675
1433	2	354.925	365.346	352.713	0.986	0	0	0	50	50	0.994	1	4	-173.463	457.56429787234	352.24514893617
1433	3	356.188	371.819	352.869	0.986	0.1197	0.1365	0.1935	1	50	0.928	1	6	-172.094	459.405391304348	351.796695652174
1453	1	424.089	429.299	422.983	NA	NA	NA	NA	100	100	1	1	2	-210.044	526.338	423.213
1453	2	363.66	374.081	361.448	0.978	0	0	0	50	50	0.993	0.999	4	-177.83	466.29829787234	360.97914893617
1453	3	357.586	373.217	354.267	0.889	0.0045	0.0076	0	17	50	0.836	1	6	-172.793	460.803391304348	353.194695652174
1473	1	438.962	444.173	437.856	NA	NA	NA	NA	100	100	1	1	2	-217.481	541.212	438.087
1473	2	329.441	339.862	327.229	0.998	0	0	0	50	50	0.999	1	4	-160.721	432.08029787234	326.76114893617
1473	3	332.428	348.059	329.11	0.756	0.7047	0.7258	0.5	16	50	0.571	1	6	-160.214	435.645391304348	328.036695652174
1488	1	423.704	428.915	422.598	NA	NA	NA	NA	100	100	1	1	2	-209.852	525.954	422.829
1488	2	373.892	384.312	371.679	0.974	0	0	0	50	50	0.993	0.998	4	-182.946	476.53029787234	371.21114893617
1488	3	375.676	391.307	372.358	0.849	0.251	0.283	0.4286	9	50	0.614	0.999	6	-181.838	478.893391304348	371.284695652174
1505	1	804.182	811.589	805.247	NA	NA	NA	NA	300	300	1	1	2	-400.091	1106.26308108108	803.222540540541
1505	2	796.151	810.966	798.28	0.555	0.0168	0.0225	0	113	187	0.808	0.9	4	-394.075	1098.35408163265	793.252040816326
1505	3	792.533	814.755	795.727	0.678	0.0476	0.0594	0.03	37	136	0.758	0.879	6	-390.266	1094.91556164384	787.723780821918
1547	1	762.041	769.448	763.105	NA	NA	NA	NA	300	300	1	1	2	-379.02	1064.12108108108	761.08054054054
1547	2	759.318	774.133	761.447	0.669	0.3922	0.4137	0	23	277	0.441	0.976	4	-375.659	1061.52208163265	756.420040816326
1547	3	760.303	782.525	763.497	0.662	0.0476	0.056	1	2	222	0.641	0.917	6	-374.151	1062.68556164384	755.493780821918
1569	1	801.937	809.344	803.001	NA	NA	NA	NA	300	300	1	1	2	-398.968	1104.01708108108	800.976540540541
1569	2	799.228	814.043	801.357	0.511	0.1239	0.1452	0	127	173	0.821	0.871	4	-395.614	1101.43208163265	796.330040816326
1569	3	799.604	821.827	802.798	0.719	0.0356	0.044	0.2083	3	156	0.638	0.877	6	-393.802	1101.98756164384	794.795780821918
1598	1	732.219	739.626	733.283	NA	NA	NA	NA	300	300	1	1	2	-364.109	1034.29908108108	731.25854054054
1598	2	733.67	748.485	735.8	0.63	0.1913	0.2167	1	25	275	0.426	0.965	4	-362.835	1035.87408163265	730.772040816326
1598	3	734.772	756.994	737.966	0.648	0.4689	0.5031	1	35	212	0.665	0.921	6	-361.386	1037.15556164384	729.963780821918
1607	1	1136.487	1143.895	1137.552	NA	NA	NA	NA	300	300	1	1	2	-566.243	1438.56708108108	1135.52654054054
1607	2	1037.483	1052.299	1039.613	0.927	0	0	0	144	156	0.982	0.983	4	-514.742	1339.68808163265	1034.58604081633
1607	3	1029.735	1051.957	1032.929	0.902	0.0012	0.0019	0	13	145	0.659	0.985	6	-508.867	1332.11756164384	1024.92578082192
1628	1	1121.653	1129.06	1122.717	NA	NA	NA	NA	300	300	1	1	2	-558.826	1423.73308108108	1120.69254054054
1628	2	1016.738	1031.553	1018.868	0.921	0	0	0	144	156	0.975	0.983	4	-504.369	1318.94208163265	1013.84004081633
1628	3	1015.841	1038.064	1019.035	0.857	0.1242	0.1451	0.1053	9	147	0.378	0.984	6	-501.92	1318.22356164384	1011.03178082192
1646	1	1123.847	1131.254	1124.912	NA	NA	NA	NA	300	300	1	1	2	-559.923	1425.92708108108	1122.88654054054
1646	2	1027.677	1042.492	1029.806	0.909	0	0	0	140	160	0.974	0.981	4	-509.838	1329.88008163265	1024.77804081633
1646	3	1028.537	1050.759	1031.731	0.931	0.1392	0.1605	0.3333	1	159	0.365	0.98	6	-508.268	1330.91956164384	1023.72778082192
1660	1	1130.057	1137.465	1131.122	NA	NA	NA	NA	300	300	1	1	2	-563.029	1432.13908108108	1129.09854054054
1660	2	1010.798	1025.613	1012.927	0.937	0	0	0	147	153	0.984	0.985	4	-501.399	1313.00208163265	1007.90004081633
1660	3	1003.251	1025.474	1006.445	0.928	0.001	0.0016	0	8	146	0.671	0.988	6	-495.625	1305.63356164384	998.441780821918
1688	1	1102.309	1109.717	1103.374	NA	NA	NA	NA	300	300	1	1	2	-549.155	1404.39108108108	1101.35054054054
1688	2	1017.454	1032.269	1019.584	0.904	0	0	0	143	157	0.974	0.979	4	-504.727	1319.65808163265	1014.55604081633
1688	3	1014.381	1036.604	1017.575	0.87	0.0085	0.0118	0.04	13	145	0.586	0.982	6	-501.191	1316.76556164384	1009.57378082192
1717	1	1294.952	1302.359	1296.016	NA	NA	NA	NA	300	300	1	1	2	-645.476	1597.03308108108	1293.99254054054
1717	2	1066.461	1081.276	1068.591	0.993	0	0	0	150	150	0.997	1	4	-529.231	1368.66608163265	1063.56404081633
1717	3	1063.673	1085.896	1066.868	0.831	0.0183	0.0252	0.05	28	150	0.548	0.999	6	-525.837	1366.05756164384	1058.86578082192
1751	1	1290.931	1298.339	1291.996	NA	NA	NA	NA	300	300	1	1	2	-643.466	1593.01308108108	1289.97254054054
1751	2	1082.288	1097.104	1084.418	0.982	0	0	0	148	152	0.994	0.996	4	-537.144	1384.49208163265	1079.39004081633
1751	3	1069.614	1091.837	1072.808	0.933	2e-04	4e-04	0	12	147	0.656	0.996	6	-528.807	1371.99756164384	1064.80578082192
1775	1	1274.421	1281.829	1275.486	NA	NA	NA	NA	300	300	1	1	2	-635.211	1576.50308108108	1273.46254054054
1775	2	1042.327	1057.142	1044.457	0.986	0	0	0	150	150	0.994	0.999	4	-517.164	1344.53208163265	1039.43004081633
1775	3	1044.401	1066.624	1047.596	0.913	0.2458	0.2672	0.3333	8	150	0.406	0.998	6	-516.201	1346.78556164384	1039.59378082192
1789	1	1269.75	1277.158	1270.815	NA	NA	NA	NA	300	300	1	1	2	-632.875	1571.83108108108	1268.79054054054
1789	2	1046.503	1061.318	1048.633	0.982	0	0	0	148	152	0.994	0.994	4	-519.252	1348.70808163265	1043.60604081633
1789	3	1048.857	1071.08	1052.051	0.907	0.3234	0.3458	0.6	7	150	0.329	0.994	6	-518.429	1351.24156164384	1044.04978082192
1805	1	125.449	128.826	122.568	NA	NA	NA	NA	40	40	1	1	2	-60.724	168.114666666667	124.781333333333
1805	2	125.33	132.086	119.569	0.774	0.1587	0.1964	0.2	12	28	0.939	0.95	4	-58.665	169.094705882353	123.212352941176
1805	3	125.808	135.941	117.166	0.896	0.6105	0.6479	0.1765	12	15	0.932	1	6	-56.904	171.308	122.558
1836	1	139.194	142.571	136.313	NA	NA	NA	NA	40	40	1	1	2	-67.597	181.860666666667	138.527333333333
1836	2	127.532	134.288	121.77	0.91	7e-04	0.0019	0	18	22	0.945	0.999	4	-59.766	171.296705882353	125.414352941176
1836	3	131.279	141.413	122.637	0.846	0.5467	0.58	1	4	18	0.778	0.979	6	-59.64	176.78	128.03
1843	1	130.956	134.334	128.075	NA	NA	NA	NA	40	40	1	1	2	-63.478	173.622666666667	130.289333333333
1843	2	130.483	137.239	124.722	0.755	0.1653	0.2081	0.2	17	23	0.922	0.968	4	-61.242	174.248705882353	128.366352941176
1843	3	132.702	142.835	124.059	0.809	0.3386	0.378	0.5	11	17	0.845	0.996	6	-60.351	178.202	129.452
1858	1	127.526	130.904	124.645	NA	NA	NA	NA	40	40	1	1	2	-61.763	170.192666666667	126.859333333333
1858	2	129.169	135.924	123.407	0.88	0.1295	0.1557	0.3077	4	36	0.838	0.994	4	-60.584	172.932705882353	127.050352941176
1858	3	116.188	126.321	107.546	0.936	0.0406	0.0578	0	4	20	0.947	1	6	-52.094	161.688	112.938
1883	1	123.452	126.83	120.571	NA	NA	NA	NA	40	40	1	1	2	-59.726	166.118666666667	122.785333333333
1883	2	126.179	132.934	120.417	0.527	0.5857	0.6307	0.5	16	24	0.768	0.944	4	-59.089	169.942705882353	124.060352941176
1883	3	128.31	138.443	119.668	0.879	0.6874	0.7171	1	11	16	0.922	0.996	6	-58.155	173.81	125.06
1893	1	139.194	142.571	136.313	NA	NA	NA	NA	40	40	1	1	2	-67.597	181.860666666667	138.527333333333
1893	2	127.532	134.288	121.77	0.91	7e-04	0.0019	0	18	22	0.945	0.999	4	-59.766	171.296705882353	125.414352941176
1893	3	131.279	141.413	122.637	0.846	0.5467	0.58	1	4	18	0.778	0.979	6	-59.64	176.78	128.03
1904	1	127.056	130.434	124.175	NA	NA	NA	NA	40	40	1	1	2	-61.528	169.722666666667	126.389333333333
1904	2	125.522	132.278	119.761	0.767	0.0636	0.0895	0.1463	10	30	0.82	0.99	4	-58.761	169.286705882353	123.404352941176
1904	3	128.528	138.661	119.885	0.829	0.7022	0.7315	1	9	21	0.859	0.987	6	-58.264	174.028	125.278
1918	1	125.449	128.826	122.568	NA	NA	NA	NA	40	40	1	1	2	-60.724	168.114666666667	124.781333333333
1918	2	125.33	132.086	119.569	0.774	0.1587	0.1964	0.2	12	28	0.939	0.95	4	-58.665	169.094705882353	123.212352941176
1918	3	125.808	135.941	117.166	0.896	0.6105	0.6479	0.1765	12	15	0.932	1	6	-56.904	171.308	122.558
1937	1	128.753	132.13	125.872	NA	NA	NA	NA	40	40	1	1	2	-62.376	171.418666666667	128.085333333333
1937	2	125.762	132.517	120	0.784	0.0498	0.0745	0.04	15	25	0.854	0.994	4	-58.881	169.526705882353	123.644352941176
1937	3	128.312	138.445	119.67	0.887	0.6779	0.7032	1	8	17	0.914	0.993	6	-58.156	173.812	125.062
1962	1	127.056	130.434	124.175	NA	NA	NA	NA	40	40	1	1	2	-61.528	169.722666666667	126.389333333333
1962	2	125.522	132.278	119.761	0.767	0.0636	0.0895	0.1463	10	30	0.82	0.99	4	-58.761	169.286705882353	123.404352941176
1962	3	128.528	138.661	119.885	0.829	0.7022	0.7315	1	9	21	0.859	0.987	6	-58.264	174.028	125.278
1980	1	127.056	130.434	124.175	NA	NA	NA	NA	40	40	1	1	2	-61.528	169.722666666667	126.389333333333
1980	2	125.522	132.278	119.761	0.767	0.0636	0.0895	0.1463	10	30	0.82	0.99	4	-58.761	169.286705882353	123.404352941176
1980	3	128.528	138.661	119.885	0.829	0.7022	0.7315	1	9	21	0.859	0.987	6	-58.264	174.028	125.278
1997	1	125.449	128.826	122.568	NA	NA	NA	NA	40	40	1	1	2	-60.724	168.114666666667	124.781333333333
1997	2	125.33	132.086	119.569	0.774	0.1587	0.1964	0.2	12	28	0.939	0.95	4	-58.665	169.094705882353	123.212352941176
1997	3	125.808	135.941	117.166	0.896	0.6105	0.6479	0.1765	12	15	0.932	1	6	-56.904	171.308	122.558
2026	1	147.145	150.523	144.264	NA	NA	NA	NA	40	40	1	1	2	-71.572	189.810666666667	146.477333333333
2026	2	142.027	148.782	136.265	0.787	0.0266	0.0407	0.0128	17	23	0.834	0.994	4	-67.013	185.790705882353	139.908352941176
2026	3	141.851	151.984	133.208	0.837	0.0525	0.0676	0.2	7	17	0.777	0.993	6	-64.925	187.35	138.6
2054	1	127.056	130.434	124.175	NA	NA	NA	NA	40	40	1	1	2	-61.528	169.722666666667	126.389333333333
2054	2	125.522	132.278	119.761	0.767	0.0636	0.0895	0.1463	10	30	0.82	0.99	4	-58.761	169.286705882353	123.404352941176
2054	3	128.528	138.661	119.885	0.829	0.7022	0.7315	1	9	21	0.859	0.987	6	-58.264	174.028	125.278
2068	1	125.449	128.826	122.568	NA	NA	NA	NA	40	40	1	1	2	-60.724	168.114666666667	124.781333333333
2068	2	125.33	132.086	119.569	0.774	0.1587	0.1964	0.2	12	28	0.939	0.95	4	-58.665	169.094705882353	123.212352941176
2068	3	125.808	135.941	117.166	0.896	0.6105	0.6479	0.1765	12	15	0.932	1	6	-56.904	171.308	122.558
2085	1	130.956	134.334	128.075	NA	NA	NA	NA	40	40	1	1	2	-63.478	173.622666666667	130.289333333333
2085	2	130.483	137.239	124.722	0.755	0.1653	0.2081	0.2	17	23	0.922	0.968	4	-61.242	174.248705882353	128.366352941176
2085	3	132.702	142.835	124.059	0.809	0.3386	0.378	0.5	11	17	0.845	0.996	6	-60.351	178.202	129.452
2098	1	127.056	130.434	124.175	NA	NA	NA	NA	40	40	1	1	2	-61.528	169.722666666667	126.389333333333
2098	2	125.522	132.278	119.761	0.767	0.0636	0.0895	0.1463	10	30	0.82	0.99	4	-58.761	169.286705882353	123.404352941176
2098	3	128.528	138.661	119.885	0.829	0.7022	0.7315	1	9	21	0.859	0.987	6	-58.264	174.028	125.278
2121	1	296.735	301.946	295.629	NA	NA	NA	NA	100	100	1	1	2	-146.368	398.986	295.861
2121	2	296.651	307.071	294.438	0.566	0.1269	0.1579	0.2143	30	70	0.717	0.968	4	-144.325	399.28829787234	293.96914893617
2121	3	292.515	308.146	289.196	0.94	0.4588	0.487	0	30	38	0.967	0.998	6	-140.257	395.731391304348	288.122695652174
2141	1	252.96	258.17	251.853	NA	NA	NA	NA	100	100	1	1	2	-124.48	355.21	252.085
2141	2	256.637	267.058	254.425	0.858	0.5694	0.5878	1	2	98	0.341	0.991	4	-124.319	359.27629787234	253.95714893617
2141	3	234.548	250.179	231.229	0.992	0.37	0.3984	0	14	48	0.997	1	6	-111.274	337.765391304348	230.156695652174
2153	1	284.484	289.694	283.378	NA	NA	NA	NA	100	100	1	1	2	-140.242	386.734	283.609
2153	2	287.927	298.347	285.714	0.339	0.6654	0.691	1	24	76	0.545	0.921	4	-139.963	390.56429787234	285.24514893617
2153	3	281.17	296.801	277.852	0.955	0.4518	0.4825	0	24	40	0.978	0.999	6	-134.585	384.387391304348	276.778695652174
2161	1	252.96	258.17	251.853	NA	NA	NA	NA	100	100	1	1	2	-124.48	355.21	252.085
2161	2	256.637	267.058	254.425	0.858	0.5694	0.5878	1	2	98	0.341	0.991	4	-124.319	359.27629787234	253.95714893617
2161	3	234.548	250.179	231.229	0.992	0.37	0.3984	0	14	48	0.997	1	6	-111.274	337.765391304348	230.156695652174
2172	1	298.215	303.425	297.109	NA	NA	NA	NA	100	100	1	1	2	-147.107	400.464	297.339
2172	2	299.973	310.394	297.761	0.471	0.3103	0.3516	0.6667	33	67	0.658	0.957	4	-145.987	402.61229787234	297.29314893617
2172	3	297.318	312.949	294	0.922	0.4873	0.5165	0.0505	33	34	0.955	0.997	6	-142.659	400.535391304348	292.926695652174
2204	1	331.297	336.507	330.19	NA	NA	NA	NA	100	100	1	1	2	-163.648	433.546	330.421
2204	2	315.497	325.918	313.285	0.797	1e-04	2e-04	0	39	61	0.82	0.996	4	-153.749	418.13629787234	312.81714893617
2204	3	317.954	333.585	314.636	0.786	0.2184	0.2436	0.6667	17	44	0.791	0.968	6	-152.977	421.171391304348	313.562695652174
2220	1	296.735	301.946	295.629	NA	NA	NA	NA	100	100	1	1	2	-146.368	398.986	295.861
2220	2	296.651	307.071	294.438	0.566	0.1269	0.1579	0.2143	30	70	0.717	0.968	4	-144.325	399.28829787234	293.96914893617
2220	3	292.515	308.146	289.196	0.94	0.4588	0.487	0	30	38	0.967	0.998	6	-140.257	395.731391304348	288.122695652174
2240	1	296.735	301.946	295.629	NA	NA	NA	NA	100	100	1	1	2	-146.368	398.986	295.861
2240	2	296.651	307.071	294.438	0.566	0.1269	0.1579	0.2143	30	70	0.717	0.968	4	-144.325	399.28829787234	293.96914893617
2240	3	292.515	308.146	289.196	0.94	0.4588	0.487	0	30	38	0.967	0.998	6	-140.257	395.731391304348	288.122695652174
2256	1	297.355	302.565	296.249	NA	NA	NA	NA	100	100	1	1	2	-146.678	399.606	296.481
2256	2	296.966	307.387	294.754	0.599	0.1255	0.1563	0.1333	37	63	0.819	0.953	4	-144.483	399.60429787234	294.28514893617
2256	3	293.594	309.225	290.276	0.932	0.4307	0.4588	0.0404	30	37	0.962	0.999	6	-140.797	396.811391304348	289.202695652174
2292	1	324.05	329.261	322.944	NA	NA	NA	NA	100	100	1	1	2	-160.025	426.3	323.175
2292	2	322.745	333.166	320.533	0.65	0.0338	0.0466	0.0779	23	77	0.78	0.955	4	-157.373	425.38429787234	320.06514893617
2292	3	316.803	332.434	313.484	0.803	0.0084	0.013	0	23	44	0.8	0.996	6	-152.401	420.019391304348	312.410695652174
2323	1	331.297	336.507	330.19	NA	NA	NA	NA	100	100	1	1	2	-163.648	433.546	330.421
2323	2	315.497	325.918	313.285	0.797	1e-04	2e-04	0	39	61	0.82	0.996	4	-153.749	418.13629787234	312.81714893617
2323	3	317.954	333.585	314.636	0.786	0.2184	0.2436	0.6667	17	44	0.791	0.968	6	-152.977	421.171391304348	313.562695652174
2331	1	252.96	258.17	251.853	NA	NA	NA	NA	100	100	1	1	2	-124.48	355.21	252.085
2331	2	256.637	267.058	254.425	0.858	0.5694	0.5878	1	2	98	0.341	0.991	4	-124.319	359.27629787234	253.95714893617
2331	3	234.548	250.179	231.229	0.992	0.37	0.3984	0	14	48	0.997	1	6	-111.274	337.765391304348	230.156695652174
2340	1	330.471	335.682	329.365	NA	NA	NA	NA	100	100	1	1	2	-163.236	432.722	329.597
2340	2	326.32	336.74	324.107	0.693	0.0548	0.0722	0.0303	41	59	0.892	0.955	4	-159.16	428.95829787234	323.63914893617
2340	3	320.993	336.624	317.675	0.808	0.0065	0.0099	0.02	29	41	0.817	0.997	6	-154.497	424.211391304348	316.602695652174
2384	1	252.96	258.17	251.853	NA	NA	NA	NA	100	100	1	1	2	-124.48	355.21	252.085
2384	2	256.637	267.058	254.425	0.858	0.5694	0.5878	1	2	98	0.341	0.991	4	-124.319	359.27629787234	253.95714893617
2384	3	234.548	250.179	231.229	0.992	0.37	0.3984	0	14	48	0.997	1	6	-111.274	337.765391304348	230.156695652174
2397	1	284.484	289.694	283.378	NA	NA	NA	NA	100	100	1	1	2	-140.242	386.734	283.609
2397	2	287.927	298.347	285.714	0.339	0.6654	0.691	1	24	76	0.545	0.921	4	-139.963	390.56429787234	285.24514893617
2397	3	281.17	296.801	277.852	0.955	0.4518	0.4825	0	24	40	0.978	0.999	6	-134.585	384.387391304348	276.778695652174
2405	1	815.231	822.639	816.296	NA	NA	NA	NA	300	300	1	1	2	-405.616	1117.31308108108	814.27254054054
2405	2	819.047	833.862	821.176	0.176	0.8362	0.847	1	88	212	0.502	0.855	4	-405.523	1121.25008163265	816.148040816327
2405	3	768.937	791.16	772.132	0.98	0.1188	0.1358	0	79	133	0.993	1	6	-378.469	1071.32156164384	764.129780821918
2417	1	856.358	863.766	857.423	NA	NA	NA	NA	300	300	1	1	2	-426.179	1158.43908108108	855.39854054054
2417	2	848.824	863.639	850.953	0.56	0.0026	0.0043	0	96	204	0.733	0.966	4	-420.412	1151.02808163265	845.926040816326
2417	3	807.652	829.875	810.846	0.974	0.1239	0.1407	0	96	103	0.988	0.999	6	-397.826	1110.03556164384	802.843780821918
2433	1	775.978	783.386	777.043	NA	NA	NA	NA	300	300	1	1	2	-385.989	1078.05908108108	775.01854054054
2433	2	779.898	794.713	782.028	0.727	0.8204	0.8282	1	0	300	0	1	4	-385.949	1082.10208163265	777.000040816327
2433	3	705.789	728.012	708.983	0.991	0.1053	0.1212	0	60	144	0.997	1	6	-346.894	1008.17156164384	700.979780821918
2443	1	856.358	863.766	857.423	NA	NA	NA	NA	300	300	1	1	2	-426.179	1158.43908108108	855.39854054054
2443	2	848.824	863.639	850.953	0.56	0.0026	0.0043	0	96	204	0.733	0.966	4	-420.412	1151.02808163265	845.926040816326
2443	3	807.652	829.875	810.846	0.974	0.1239	0.1407	0	96	103	0.988	0.999	6	-397.826	1110.03556164384	802.843780821918
2461	1	815.231	822.639	816.296	NA	NA	NA	NA	300	300	1	1	2	-405.616	1117.31308108108	814.27254054054
2461	2	819.047	833.862	821.176	0.176	0.8362	0.847	1	88	212	0.502	0.855	4	-405.523	1121.25008163265	816.148040816327
2461	3	768.937	791.16	772.132	0.98	0.1188	0.1358	0	79	133	0.993	1	6	-378.469	1071.32156164384	764.129780821918
2475	1	805.759	813.167	806.824	NA	NA	NA	NA	300	300	1	1	2	-400.88	1107.84108108108	804.800540540541
2475	2	809.422	824.237	811.551	0.227	0.8154	0.8285	1	104	196	0.609	0.836	4	-400.711	1111.62608163265	806.524040816327
2475	3	758.602	780.825	761.797	0.981	0.1096	0.1255	0	64	132	0.993	1	6	-373.301	1060.98556164384	753.793780821918
2487	1	815.231	822.639	816.296	NA	NA	NA	NA	300	300	1	1	2	-405.616	1117.31308108108	814.27254054054
2487	2	819.047	833.862	821.176	0.176	0.8362	0.847	1	88	212	0.502	0.855	4	-405.523	1121.25008163265	816.148040816327
2487	3	768.937	791.16	772.132	0.98	0.1188	0.1358	0	79	133	0.993	1	6	-378.469	1071.32156164384	764.129780821918
2502	1	805.759	813.167	806.824	NA	NA	NA	NA	300	300	1	1	2	-400.88	1107.84108108108	804.800540540541
2502	2	809.422	824.237	811.551	0.227	0.8154	0.8285	1	104	196	0.609	0.836	4	-400.711	1111.62608163265	806.524040816327
2502	3	758.602	780.825	761.797	0.981	0.1096	0.1255	0	64	132	0.993	1	6	-373.301	1060.98556164384	753.793780821918
2520	1	962.236	969.644	963.301	NA	NA	NA	NA	300	300	1	1	2	-479.118	1264.31708108108	961.276540540541
2520	2	900.135	914.95	902.265	0.815	0	0	0	130	170	0.868	0.996	4	-446.068	1202.34008163265	897.238040816326
2520	3	898.018	920.241	901.212	0.847	0.1707	0.1894	0.051	50	130	0.864	0.984	6	-443.009	1200.40156164384	893.209780821918
2552	1	812.936	820.344	814.001	NA	NA	NA	NA	300	300	1	1	2	-404.468	1115.01708108108	811.976540540541
2552	2	812.835	827.65	814.964	0.539	0.0686	0.0834	1	68	232	0.716	0.904	4	-402.417	1115.03808163265	809.936040816326
2552	3	759.305	781.527	762.499	0.983	0.1174	0.1343	0	68	128	0.994	1	6	-373.652	1061.68756164384	754.495780821918
2568	1	812.936	820.344	814.001	NA	NA	NA	NA	300	300	1	1	2	-404.468	1115.01708108108	811.976540540541
2568	2	812.835	827.65	814.964	0.539	0.0686	0.0834	1	68	232	0.716	0.904	4	-402.417	1115.03808163265	809.936040816326
2568	3	759.305	781.527	762.499	0.983	0.1174	0.1343	0	68	128	0.994	1	6	-373.652	1061.68756164384	754.495780821918
2578	1	815.231	822.639	816.296	NA	NA	NA	NA	300	300	1	1	2	-405.616	1117.31308108108	814.27254054054
2578	2	819.047	833.862	821.176	0.176	0.8362	0.847	1	88	212	0.502	0.855	4	-405.523	1121.25008163265	816.148040816327
2578	3	768.937	791.16	772.132	0.98	0.1188	0.1358	0	79	133	0.993	1	6	-378.469	1071.32156164384	764.129780821918
2588	1	862.279	869.687	863.344	NA	NA	NA	NA	300	300	1	1	2	-429.14	1164.36108108108	861.32054054054
2588	2	863.94	878.755	866.069	0.378	0.2013	0.2276	1	72	228	0.576	0.923	4	-427.97	1166.14408163265	861.042040816327
2588	3	844.337	866.56	847.531	0.93	0.1719	0.1923	0	72	117	0.962	0.998	6	-416.169	1146.72156164384	839.529780821918
2603	1	962.236	969.644	963.301	NA	NA	NA	NA	300	300	1	1	2	-479.118	1264.31708108108	961.276540540541
2603	2	900.135	914.95	902.265	0.815	0	0	0	130	170	0.868	0.996	4	-446.068	1202.34008163265	897.238040816326
2603	3	898.018	920.241	901.212	0.847	0.1707	0.1894	0.051	50	130	0.864	0.984	6	-443.009	1200.40156164384	893.209780821918
2640	1	962.236	969.644	963.301	NA	NA	NA	NA	300	300	1	1	2	-479.118	1264.31708108108	961.276540540541
2640	2	900.135	914.95	902.265	0.815	0	0	0	130	170	0.868	0.996	4	-446.068	1202.34008163265	897.238040816326
2640	3	898.018	920.241	901.212	0.847	0.1707	0.1894	0.051	50	130	0.864	0.984	6	-443.009	1200.40156164384	893.209780821918
2676	1	962.236	969.644	963.301	NA	NA	NA	NA	300	300	1	1	2	-479.118	1264.31708108108	961.276540540541
2676	2	900.135	914.95	902.265	0.815	0	0	0	130	170	0.868	0.996	4	-446.068	1202.34008163265	897.238040816326
2676	3	898.018	920.241	901.212	0.847	0.1707	0.1894	0.051	50	130	0.864	0.984	6	-443.009	1200.40156164384	893.209780821918
