3	1	120.991	124.369	118.111	NA	NA	NA	NA	40	40	1	1	2	-58.496	163.658666666667	120.325333333333
3	2	123.358	130.114	117.597	0.856	0.2912	0.323	0.5	3	37	0.767	0.991	4	-57.679	167.122705882353	121.240352941176
3	3	122.595	132.729	113.953	0.837	0.1683	0.2053	0.2857	3	29	0.746	0.979	6	-55.298	168.096	119.346
29	1	130.966	134.344	128.085	NA	NA	NA	NA	40	40	1	1	2	-63.483	173.632666666667	130.299333333333
29	2	134.566	141.321	128.804	0.497	0.8677	0.8787	1	9	31	0.642	0.932	4	-63.283	178.330705882353	132.448352941176
29	3	136.087	146.22	127.445	0.816	0.0875	0.1052	0.2857	1	30	0.781	0.973	6	-62.044	181.588	132.838
41	1	117.356	120.734	114.475	NA	NA	NA	NA	40	40	1	1	2	-56.678	160.022666666667	116.689333333333
41	2	118.711	125.466	112.949	0.626	0.3284	0.3779	0.3077	20	20	0.88	0.897	4	-55.355	162.474705882353	116.592352941176
41	3	120.797	130.93	112.155	0.727	0.4795	0.5189	0.4286	9	18	0.85	0.886	6	-54.398	166.296	117.546
61	1	126.675	130.053	123.794	NA	NA	NA	NA	40	40	1	1	2	-61.337	169.340666666667	126.007333333333
61	2	130.431	137.187	124.67	0.848	0.6384	0.6534	1	1	39	0.398	0.992	4	-61.216	174.196705882353	128.314352941176
61	3	130.894	141.027	122.252	0.858	0.2541	0.2998	0.3077	4	31	0.847	0.979	6	-59.447	176.394	127.644
64	1	129.072	132.45	126.191	NA	NA	NA	NA	40	40	1	1	2	-62.536	171.738666666667	128.405333333333
64	2	131.748	138.503	125.986	0.865	0.2026	0.2314	0.5	1	39	0.424	0.998	4	-61.874	175.512705882353	129.630352941176
64	3	130.42	140.553	121.778	0.906	0.5779	0.6189	0.1429	5	22	0.964	0.992	6	-59.21	175.92	127.17
94	1	101.564	104.942	98.684	NA	NA	NA	NA	40	40	1	1	2	-48.782	144.230666666667	100.897333333333
94	2	98.603	105.359	92.842	0.812	0.0483	0.0696	0.04	13	27	0.947	0.951	4	-45.302	142.368705882353	96.4863529411765
94	3	99.966	110.1	91.324	0.804	0.529	0.5735	0.6	10	15	0.886	0.96	6	-43.983	145.466	96.716
131	1	156.052	159.429	153.171	NA	NA	NA	NA	40	40	1	1	2	-76.026	198.718666666667	155.385333333333
131	2	143.753	150.509	137.992	0.921	0.0011	0.0025	0	17	23	0.959	0.996	4	-67.877	187.518705882353	141.636352941176
131	3	147.194	157.327	138.552	0.82	0.8502	0.8647	1	3	20	0.491	0.991	6	-67.597	192.694	143.944
137	1	162.25	165.627	159.369	NA	NA	NA	NA	40	40	1	1	2	-79.125	204.916666666667	161.583333333333
137	2	165.821	172.576	160.059	0.4	0.83	0.8525	1	16	24	0.741	0.857	4	-78.91	209.584705882353	163.702352941176
137	3	169.66	179.794	161.018	0.541	0.9376	0.9432	1	4	22	0.543	0.838	6	-78.83	215.16	166.41
143	1	159.53	162.908	156.649	NA	NA	NA	NA	40	40	1	1	2	-77.765	202.196666666667	158.863333333333
143	2	154.661	161.416	148.899	0.829	0.0198	0.0327	0.02	17	23	0.941	0.962	4	-73.33	198.424705882353	152.542352941176
143	3	157.852	167.986	149.21	0.761	0.6881	0.7181	1	9	19	0.794	0.948	6	-72.926	203.352	154.602
165	1	147.982	151.36	145.101	NA	NA	NA	NA	40	40	1	1	2	-71.991	190.648666666667	147.315333333333
165	2	151.092	157.848	145.331	0.506	0.753	0.7824	1	19	21	0.832	0.864	4	-71.546	194.856705882353	148.974352941176
165	3	153.847	163.98	145.205	0.723	0.2767	0.3041	1	2	22	0.754	0.895	6	-70.924	199.348	150.598
176	1	156.581	159.958	153.7	NA	NA	NA	NA	40	40	1	1	2	-76.29	199.246666666667	155.913333333333
176	2	152.801	159.557	147.039	0.83	0.0629	0.0897	0.02	14	26	0.92	0.968	4	-72.401	196.566705882353	150.684352941176
176	3	156.46	166.593	147.818	0.802	0.777	0.7887	0.5	2	24	0.539	0.944	6	-72.23	201.96	153.21
204	1	182.385	185.763	179.505	NA	NA	NA	NA	40	40	1	1	2	-89.193	225.052666666667	181.719333333333
204	2	167.939	174.694	162.177	0.938	4e-04	0.0011	0	19	21	0.977	0.991	4	-79.969	211.702705882353	165.820352941176
204	3	171.051	181.185	162.409	0.829	0.6879	0.7176	1	6	18	0.74	0.978	6	-79.526	216.552	167.802
211	1	184.02	187.397	181.139	NA	NA	NA	NA	40	40	1	1	2	-90.01	226.686666666667	183.353333333333
211	2	180.902	187.658	175.141	0.771	0.167	0.205	0.03	18	22	0.933	0.933	4	-86.451	224.666705882353	178.784352941176
211	3	179.297	189.431	170.655	0.859	0.4352	0.4679	0.0896	10	17	0.909	0.959	6	-83.649	224.798	176.048
252	1	179.038	182.415	176.157	NA	NA	NA	NA	40	40	1	1	2	-87.519	221.704666666667	178.371333333333
252	2	155.036	161.791	149.274	0.976	1e-04	3e-04	0	20	20	0.99	1	4	-73.518	198.800705882353	152.918352941176
252	3	156.643	166.776	148	0.834	0.303	0.3461	0.5	9	20	0.828	0.999	6	-72.321	202.142	153.392
261	1	184.9	188.277	182.019	NA	NA	NA	NA	40	40	1	1	2	-90.45	227.566666666667	184.233333333333
261	2	162.779	169.534	157.017	0.98	2e-04	5e-04	0	20	20	0.995	0.999	4	-77.389	206.542705882353	160.660352941176
261	3	162.179	172.312	153.537	0.886	0.1144	0.1451	0.0779	10	20	0.877	1	6	-75.09	207.68	158.93
287	1	168.914	172.292	166.033	NA	NA	NA	NA	40	40	1	1	2	-82.457	211.580666666667	168.247333333333
287	2	163.458	170.214	157.697	0.859	0.2447	0.2825	0.0128	20	20	0.931	0.996	4	-77.729	207.222705882353	161.340352941176
287	3	159.141	169.275	150.499	0.931	0.2295	0.2568	0	8	20	0.942	0.999	6	-73.571	204.642	155.892
322	1	304.611	309.822	303.505	NA	NA	NA	NA	100	100	1	1	2	-150.306	406.862	303.737
322	2	305.88	316.301	303.668	0.524	0.2142	0.2476	0.6667	25	75	0.676	0.932	4	-148.94	408.51829787234	303.19914893617
322	3	307.909	323.54	304.59	0.654	0.5258	0.565	0.5	18	50	0.82	0.85	6	-147.954	411.125391304348	303.516695652174
338	1	290.668	295.878	289.562	NA	NA	NA	NA	100	100	1	1	2	-143.334	392.918	289.793
338	2	292.123	302.544	289.911	0.505	0.2778	0.319	0.6667	43	57	0.818	0.872	4	-142.062	394.76229787234	289.44314893617
338	3	295.671	311.302	292.353	0.523	0.8297	0.8458	1	22	46	0.735	0.788	6	-141.836	398.889391304348	291.280695652174
355	1	295.701	300.911	294.594	NA	NA	NA	NA	100	100	1	1	2	-145.85	397.95	294.825
355	2	296.46	306.881	294.248	0.558	0.2347	0.2738	0.2667	32	68	0.779	0.91	4	-144.23	399.09829787234	293.77914893617
355	3	300.22	315.851	296.902	0.686	0.6839	0.6973	0.6667	2	68	0.384	0.915	6	-144.11	403.437391304348	295.828695652174
375	1	308.573	313.784	307.467	NA	NA	NA	NA	100	100	1	1	2	-152.287	410.824	307.699
375	2	311.307	321.728	309.095	0.412	0.5205	0.5583	0.6667	48	52	0.797	0.823	4	-151.654	413.94629787234	308.62714893617
375	3	313.134	328.766	309.816	0.687	0.3498	0.3889	0.4286	14	53	0.76	0.884	6	-150.567	416.351391304348	308.742695652174
390	1	307.366	312.577	306.26	NA	NA	NA	NA	100	100	1	1	2	-151.683	409.616	306.491
390	2	305.393	315.813	303.18	0.709	0.0193	0.028	0.05	17	83	0.727	0.963	4	-148.696	408.03029787234	302.71114893617
390	3	306.508	322.139	303.19	0.702	0.4314	0.4741	1	16	60	0.766	0.911	6	-147.254	409.725391304348	302.116695652174
421	1	400.583	405.793	399.476	NA	NA	NA	NA	100	100	1	1	2	-198.291	502.832	399.707
421	2	394.592	405.013	392.38	0.727	0.0108	0.0171	0.02	44	56	0.908	0.945	4	-193.296	497.23029787234	391.91114893617
421	3	395.977	411.608	392.658	0.715	0.263	0.3001	0.2667	16	42	0.711	0.964	6	-191.988	499.193391304348	391.584695652174
445	1	400.546	405.756	399.44	NA	NA	NA	NA	100	100	1	1	2	-198.273	502.796	399.671
445	2	379.601	390.022	377.389	0.872	0	1e-04	0	49	51	0.959	0.98	4	-185.801	482.24029787234	376.92114893617
445	3	382.838	398.469	379.52	0.689	0.67	0.693	1	24	49	0.705	0.981	6	-185.419	486.055391304348	378.446695652174
457	1	379.944	385.155	378.838	NA	NA	NA	NA	100	100	1	1	2	-187.972	482.194	379.069
457	2	369.071	379.492	366.859	0.795	0.0025	0.0047	0	43	57	0.942	0.949	4	-180.536	471.71029787234	366.39114893617
457	3	373.062	388.693	369.743	0.69	0.8603	0.8615	0.6667	0	57	0	0.946	6	-180.531	476.279391304348	368.670695652174
473	1	405.014	410.224	403.908	NA	NA	NA	NA	100	100	1	1	2	-200.507	507.264	404.139
473	2	400.208	410.629	397.996	0.722	0.0188	0.0285	0.0303	47	53	0.912	0.941	4	-196.104	502.84629787234	397.52714893617
473	3	402.947	418.578	399.629	0.729	0.4741	0.5025	1	7	49	0.558	0.948	6	-195.474	506.165391304348	398.556695652174
501	1	439.037	444.248	437.931	NA	NA	NA	NA	100	100	1	1	2	-217.519	541.288	438.163
501	2	422.549	432.969	420.336	0.875	0.001	0.0019	0	46	54	0.953	0.98	4	-207.274	525.18629787234	419.86714893617
501	3	424.881	440.512	421.562	0.823	0.466	0.4881	0.6667	8	50	0.655	0.959	6	-206.44	528.097391304348	420.488695652174
511	1	451.363	456.574	450.257	NA	NA	NA	NA	100	100	1	1	2	-223.682	553.614	450.489
511	2	428.715	439.135	426.502	0.891	0	1e-04	0	49	51	0.968	0.975	4	-210.357	531.35229787234	426.03314893617
511	3	432.356	447.987	429.037	0.861	0.6316	0.6484	0.6667	2	50	0.347	0.966	6	-210.178	535.573391304348	427.964695652174
527	1	449.052	454.262	447.945	NA	NA	NA	NA	100	100	1	1	2	-222.526	551.302	448.177
527	2	409.999	420.419	407.786	0.943	0	0	0	50	50	0.979	0.992	4	-200.999	512.63629787234	407.31714893617
527	3	411.856	427.487	408.537	0.825	0.2672	0.2993	0.6667	9	50	0.607	0.99	6	-199.928	515.073391304348	407.464695652174
544	1	433.495	438.706	432.389	NA	NA	NA	NA	100	100	1	1	2	-214.748	535.746	432.621
544	2	415.89	426.311	413.678	0.845	0.0016	0.0029	0	44	56	0.944	0.972	4	-203.945	518.52829787234	413.20914893617
544	3	414.772	430.403	411.453	0.78	0.2437	0.2733	0.1111	14	45	0.676	0.958	6	-201.386	517.989391304348	410.380695652174
573	1	445.028	450.238	443.922	NA	NA	NA	NA	100	100	1	1	2	-220.514	547.278	444.153
573	2	393.261	403.682	391.048	0.971	0	0	0	49	51	0.991	0.996	4	-192.63	495.89829787234	390.57914893617
573	3	397.084	412.715	393.766	0.71	0.8547	0.8636	1	19	49	0.567	0.998	6	-192.542	500.301391304348	392.692695652174
591	1	447.214	452.424	446.108	NA	NA	NA	NA	100	100	1	1	2	-221.607	549.464	446.339
591	2	421.877	432.297	419.664	0.874	0	0	0	47	53	0.954	0.976	4	-206.938	524.51429787234	419.19514893617
591	3	422.01	437.641	418.691	0.781	0.1612	0.1939	0.1395	26	43	0.814	0.967	6	-205.005	525.227391304348	417.618695652174
622	1	963.881	971.288	964.945	NA	NA	NA	NA	300	300	1	1	2	-479.94	1265.96108108108	962.920540540541
622	2	965.116	979.931	967.245	0.519	0.2026	0.2288	1	33	267	0.412	0.958	4	-478.558	1267.32008163265	962.218040816326
622	3	968.63	990.853	971.824	0.46	0.7272	0.7421	1	15	175	0.447	0.798	6	-478.315	1271.01356164384	963.821780821918
638	1	936.113	943.52	937.178	NA	NA	NA	NA	300	300	1	1	2	-466.056	1238.19308108108	935.15254054054
638	2	939.975	954.79	942.105	0.178	0.9616	0.9653	1	139	161	0.673	0.732	4	-465.988	1242.18008163265	937.078040816327
638	3	942.927	965.15	946.121	0.557	0.4728	0.4892	0.6	12	196	0.437	0.871	6	-465.464	1245.31156164384	938.119780821918
655	1	911.496	918.904	912.561	NA	NA	NA	NA	300	300	1	1	2	-453.748	1213.57708108108	910.53654054054
655	2	914.853	929.668	916.982	0.731	0.4653	0.4866	1	5	295	0.152	0.993	4	-453.426	1217.05608163265	911.954040816326
655	3	917.174	939.397	920.368	0.588	0.4639	0.4957	0.6667	17	225	0.528	0.908	6	-452.587	1219.55756164384	912.365780821918
658	1	942.66	950.068	943.725	NA	NA	NA	NA	300	300	1	1	2	-469.33	1244.74108108108	941.70054054054
658	2	946.208	961.023	948.337	0.221	0.7766	0.7934	1	148	152	0.715	0.733	4	-469.104	1248.41208163265	943.310040816326
658	3	945.629	967.852	948.824	0.653	0.1803	0.2081	0.2	46	193	0.735	0.907	6	-466.815	1248.01356164384	940.821780821918
674	1	934.112	941.52	935.177	NA	NA	NA	NA	300	300	1	1	2	-465.056	1236.19308108108	933.15254054054
674	2	935.407	950.223	937.537	0.39	0.2491	0.2813	1	109	191	0.712	0.86	4	-463.704	1237.61208163265	932.510040816327
674	3	939.102	961.324	942.296	0.428	0.854	0.8649	1	45	146	0.606	0.753	6	-463.551	1241.48556164384	934.293780821918
693	1	924.146	931.554	925.211	NA	NA	NA	NA	300	300	1	1	2	-460.073	1226.22708108108	923.18654054054
693	2	925.17	939.985	927.3	0.397	0.1702	0.1952	1	80	220	0.607	0.901	4	-458.585	1227.37408163265	922.272040816326
693	3	923.954	946.177	927.148	0.642	0.0939	0.1151	0.1132	42	175	0.76	0.882	6	-455.977	1226.33756164384	919.145780821918
724	1	1170.054	1177.461	1171.118	NA	NA	NA	NA	300	300	1	1	2	-583.027	1472.13508108108	1169.09454054054
724	2	1150.533	1165.348	1152.663	0.688	1e-04	2e-04	0	146	154	0.899	0.923	4	-571.267	1452.73808163265	1147.63604081633
724	3	1153.802	1176.024	1156.996	0.795	0.3803	0.3997	1	1	152	0.286	0.927	6	-570.901	1456.18556164384	1148.99378082192
742	1	1193.225	1200.633	1194.29	NA	NA	NA	NA	300	300	1	1	2	-594.613	1495.30708108108	1192.26654054054
742	2	1180.566	1195.381	1182.695	0.629	2e-04	5e-04	0	143	157	0.887	0.896	4	-586.283	1482.77008163265	1177.66804081633
742	3	1183.883	1206.106	1187.078	0.552	0.6939	0.7136	1	59	140	0.677	0.908	6	-585.942	1486.26756164384	1179.07578082192
761	1	1159.484	1166.892	1160.549	NA	NA	NA	NA	300	300	1	1	2	-577.742	1461.56508108108	1158.52454054054
761	2	1146	1160.815	1148.129	0.675	0.0534	0.065	0	134	166	0.893	0.926	4	-569	1448.20408163265	1143.10204081633
761	3	1136.362	1158.584	1139.556	0.839	2e-04	4e-04	0	4	165	0.79	0.942	6	-562.181	1438.74556164384	1131.55378082192
797	1	1192.39	1199.798	1193.455	NA	NA	NA	NA	300	300	1	1	2	-594.195	1494.47108108108	1191.43054054054
797	2	1172.356	1187.171	1174.485	0.683	0	0	0	147	153	0.908	0.913	4	-582.178	1474.56008163265	1169.45804081633
797	3	1176.021	1198.243	1179.215	0.548	0.8488	0.8609	1	56	132	0.442	0.899	6	-582.01	1478.40356164384	1171.21178082192
816	1	1327.183	1334.59	1328.247	NA	NA	NA	NA	300	300	1	1	2	-661.591	1629.26308108108	1326.22254054054
816	2	1196.889	1211.704	1199.018	0.938	0	0	0	148	152	0.984	0.985	4	-594.444	1499.09208163265	1193.99004081633
816	3	1198.968	1221.19	1202.162	0.942	0.1487	0.1656	0.5	3	152	0.63	0.988	6	-593.484	1501.35156164384	1194.15978082192
835	1	1333.819	1341.226	1334.884	NA	NA	NA	NA	300	300	1	1	2	-664.909	1635.89908108108	1332.85854054054
835	2	1249.292	1264.107	1251.422	0.891	0	0	0	150	150	0.962	0.978	4	-620.646	1551.49608163265	1246.39404081633
835	3	1251.715	1273.937	1254.909	0.805	0.2589	0.2829	0.6667	10	149	0.326	0.982	6	-619.857	1554.09756164384	1246.90578082192
854	1	1333.49	1340.897	1334.555	NA	NA	NA	NA	300	300	1	1	2	-664.745	1635.57108108108	1332.53054054054
854	2	1244.337	1259.152	1246.466	0.9	0	0	0	144	156	0.972	0.974	4	-618.168	1546.54008163265	1241.43804081633
854	3	1247.763	1269.986	1250.957	0.885	0.4713	0.4922	1	1	155	0.106	0.974	6	-617.881	1550.14556164384	1242.95378082192
872	1	1316.277	1323.685	1317.342	NA	NA	NA	NA	300	300	1	1	2	-656.138	1618.35708108108	1315.31654054054
872	2	1222.32	1237.135	1224.449	0.907	0	0	0	148	152	0.975	0.976	4	-607.16	1524.52408163265	1219.42204081633
872	3	1225.815	1248.038	1229.009	0.884	0.532	0.5514	1	2	150	0.176	0.978	6	-606.907	1528.19756164384	1221.00578082192
892	1	1340.895	1348.303	1341.96	NA	NA	NA	NA	300	300	1	1	2	-668.448	1642.97708108108	1339.93654054054
892	2	1241.789	1256.604	1243.918	0.909	0	0	0	150	150	0.975	0.977	4	-616.894	1543.99208163265	1238.89004081633
892	3	1245.556	1267.778	1248.75	0.826	0.8729	0.8822	1	0	150	0	0.984	6	-616.778	1547.93956164384	1240.74778082192
909	1	84.044	87.422	81.164	NA	NA	NA	NA	40	40	1	1	2	-40.022	126.710666666667	83.3773333333333
909	2	87.814	94.57	82.053	0.397	0.9116	0.9205	1	13	27	0.69	0.892	4	-39.907	131.578705882353	85.6963529411765
909	3	86.49	96.624	77.848	0.866	0.146	0.177	0.2	4	24	0.817	0.965	6	-37.245	131.99	83.24
936	1	103.412	106.79	100.532	NA	NA	NA	NA	40	40	1	1	2	-49.706	146.078666666667	102.745333333333
936	2	106.516	113.271	100.754	0.559	0.7468	0.7734	1	12	28	0.761	0.927	4	-49.258	150.280705882353	104.398352941176
936	3	108.123	118.256	99.481	0.823	0.1871	0.2161	0.2083	2	26	0.857	0.953	6	-48.061	153.622	104.872
939	1	121.567	124.945	118.686	NA	NA	NA	NA	40	40	1	1	2	-58.783	164.232666666667	120.899333333333
939	2	124.852	131.608	119.091	0.646	0.4981	0.5278	1	3	37	0.407	0.977	4	-58.426	168.616705882353	122.734352941176
939	3	127.957	138.09	119.314	0.764	0.9347	0.9427	1	8	23	0.841	0.946	6	-57.978	173.456	124.706
955	1	102.69	106.067	99.809	NA	NA	NA	NA	40	40	1	1	2	-49.345	145.356666666667	102.023333333333
955	2	103.134	109.889	97.372	0.805	0.1094	0.1393	0.2083	7	33	0.868	0.964	4	-47.567	146.898705882353	101.016352941176
955	3	104.549	114.682	95.907	0.802	0.4371	0.4884	0.6667	7	25	0.817	0.976	6	-46.274	150.048	101.298
973	1	98.295	101.673	95.415	NA	NA	NA	NA	40	40	1	1	2	-47.148	140.962666666667	97.6293333333333
973	2	100.375	107.131	94.614	0.58	0.4657	0.5058	0.5	12	28	0.779	0.914	4	-46.188	144.140705882353	98.2583529411765
973	3	102.402	112.535	93.76	0.772	0.2619	0.2982	0.2857	4	20	0.853	0.941	6	-45.201	147.902	99.152
989	1	106.786	110.164	103.906	NA	NA	NA	NA	40	40	1	1	2	-51.393	149.452666666667	106.119333333333
989	2	105.418	112.174	99.657	0.795	0.0725	0.101	0.2	11	29	0.887	0.973	4	-48.709	149.182705882353	103.300352941176
989	3	108.376	118.509	99.733	0.705	0.6955	0.7272	1	10	19	0.773	0.947	6	-48.188	153.876	105.126
1003	1	156.186	159.563	153.305	NA	NA	NA	NA	40	40	1	1	2	-76.093	198.852666666667	155.519333333333
1003	2	149.899	156.654	144.137	0.882	0.1187	0.1483	0	18	22	0.952	0.982	4	-70.949	193.662705882353	147.780352941176
1003	3	147.944	158.078	139.302	0.889	0.1682	0.199	0.08	4	19	0.77	0.966	6	-67.972	193.444	144.694
1042	1	146.6	149.978	143.719	NA	NA	NA	NA	40	40	1	1	2	-71.3	189.266666666667	145.933333333333
1042	2	127.019	133.775	121.258	0.987	2e-04	6e-04	0	19	21	0.997	0.999	4	-59.51	170.784705882353	124.902352941176
1042	3	130.447	140.58	121.804	0.894	0.5831	0.6054	1	2	21	0.558	1	6	-59.223	175.946	127.196
1050	1	156.955	160.333	154.074	NA	NA	NA	NA	40	40	1	1	2	-76.478	199.622666666667	156.289333333333
1050	2	147.45	154.206	141.689	0.894	0.0099	0.0172	0	19	21	0.966	0.971	4	-69.725	191.214705882353	145.332352941176
1050	3	150.705	160.838	142.063	0.861	0.4751	0.5027	1	2	21	0.662	0.981	6	-69.352	196.204	147.454
1068	1	158.115	161.493	155.234	NA	NA	NA	NA	40	40	1	1	2	-77.057	200.780666666667	157.447333333333
1068	2	142.444	149.199	136.682	0.958	4e-04	0.0011	0	20	20	0.991	0.994	4	-67.222	186.208705882353	140.326352941176
1068	3	144.803	154.936	136.16	0.805	0.4592	0.4995	0.6667	8	20	0.766	0.999	6	-66.401	190.302	141.552
1086	1	148.039	151.417	145.158	NA	NA	NA	NA	40	40	1	1	2	-72.019	190.704666666667	147.371333333333
1086	2	140.034	146.789	134.272	0.909	0.0025	0.0053	0	20	20	0.978	0.986	4	-66.017	183.798705882353	137.916352941176
1086	3	143.807	153.94	135.164	0.713	0.7605	0.7768	1	8	20	0.634	0.991	6	-65.903	189.306	140.556
1103	1	176.616	179.994	173.735	NA	NA	NA	NA	40	40	1	1	2	-86.308	219.282666666667	175.949333333333
1103	2	141.351	148.107	135.59	1	1e-04	2e-04	0	20	20	1	1	4	-66.676	185.116705882353	139.234352941176
1103	3	141.485	151.618	132.843	0.933	0.2176	0.2511	0.1053	3	20	0.737	1	6	-64.743	186.986	138.236
1131	1	168.689	172.067	165.809	NA	NA	NA	NA	40	40	1	1	2	-82.345	211.356666666667	168.023333333333
1131	2	143.915	150.67	138.153	0.993	0.013	0.0201	0	20	20	0.998	1	4	-67.957	187.678705882353	141.796352941176
1131	3	143.444	153.578	134.802	0.977	0.0942	0.1146	0	1	20	0.728	1	6	-65.722	188.944	140.194
1162	1	175.778	179.156	172.897	NA	NA	NA	NA	40	40	1	1	2	-85.889	218.444666666667	175.111333333333
1162	2	116.86	123.615	111.098	1	0	0	0	20	20	1	1	4	-54.43	160.624705882353	114.742352941176
1162	3	119.643	129.777	111.001	0.974	0.2422	0.2744	1	1	20	0.846	1	6	-53.822	165.144	116.394
1172	1	166.852	170.23	163.972	NA	NA	NA	NA	40	40	1	1	2	-81.426	209.518666666667	166.185333333333
1172	2	139.176	145.932	133.415	0.99	2e-04	6e-04	0	20	20	0.997	0.999	4	-65.588	182.940705882353	137.058352941176
1172	3	140.704	150.837	132.061	0.933	0.1996	0.2301	0.5	2	20	0.72	1	6	-64.352	186.204	137.454
1186	1	176.012	179.39	173.132	NA	NA	NA	NA	40	40	1	1	2	-86.006	218.678666666667	175.345333333333
1186	2	142.832	149.588	137.07	1	0	0	0	20	20	1	1	4	-67.416	186.596705882353	140.714352941176
1186	3	146.415	156.548	137.773	0.897	0.6584	0.678	0.6667	2	20	0.53	1	6	-67.207	191.914	143.164
1204	1	261.567	266.777	260.461	NA	NA	NA	NA	100	100	1	1	2	-128.783	363.816	260.691
1204	2	262.462	272.882	260.249	0.82	0.218	0.2461	0.2667	5	95	0.525	0.984	4	-127.231	365.10029787234	259.78114893617
1204	3	265.878	281.509	262.559	0.578	0.8878	0.8988	1	6	53	0.758	0.818	6	-126.939	369.095391304348	261.486695652174
1225	1	247.552	252.762	246.446	NA	NA	NA	NA	100	100	1	1	2	-121.776	349.802	246.677
1225	2	247.404	257.825	245.192	0.577	0.2034	0.2389	0.1765	43	57	0.858	0.883	4	-119.702	350.04229787234	244.72314893617
1225	3	250.438	266.069	247.12	0.612	0.6327	0.6528	0.6667	13	47	0.7	0.891	6	-119.219	353.655391304348	246.046695652174
1246	1	258.192	263.402	257.086	NA	NA	NA	NA	100	100	1	1	2	-127.096	360.442	257.317
1246	2	260.907	271.328	258.695	0.423	0.5741	0.6116	0.6667	47	53	0.785	0.845	4	-126.453	363.54429787234	258.22514893617
1246	3	263.55	279.181	260.232	0.643	0.5547	0.5866	0.5	14	52	0.718	0.869	6	-125.775	366.767391304348	259.158695652174
1260	1	278.842	284.052	277.736	NA	NA	NA	NA	100	100	1	1	2	-137.421	381.092	277.967
1260	2	278.669	289.09	276.457	0.798	0.0623	0.0784	0.1765	7	93	0.599	0.987	4	-135.335	381.30829787234	275.98914893617
1260	3	281.821	297.452	278.502	0.662	0.564	0.5923	0.6667	9	81	0.459	0.947	6	-134.91	385.037391304348	277.428695652174
1275	1	245.659	250.869	244.553	NA	NA	NA	NA	100	100	1	1	2	-120.829	347.908	244.783
1275	2	249.354	259.774	247.141	0.329	0.9475	0.9533	1	45	55	0.754	0.806	4	-120.677	351.99229787234	246.67314893617
1275	3	251.725	267.356	248.406	0.679	0.5328	0.573	1	1	53	0.651	0.864	6	-119.862	354.941391304348	247.332695652174
1290	1	248.732	253.942	247.626	NA	NA	NA	NA	100	100	1	1	2	-122.366	350.982	247.857
1290	2	251.865	262.286	249.653	0.416	0.7405	0.7634	0.6667	35	65	0.727	0.857	4	-121.933	354.50429787234	249.18514893617
1290	3	253.643	269.274	250.324	0.713	0.0957	0.1116	0.4286	1	62	0.83	0.919	6	-120.821	356.859391304348	249.250695652174
1293	1	267.766	272.976	266.66	NA	NA	NA	NA	100	100	1	1	2	-131.883	370.016	266.891
1293	2	268.216	278.637	266.004	0.542	0.2321	0.2684	0.25	40	60	0.829	0.878	4	-130.108	370.85429787234	265.53514893617
1293	3	269.727	285.358	266.408	0.693	0.2563	0.2907	0.2174	11	46	0.731	0.919	6	-128.863	372.943391304348	265.334695652174
1308	1	377.546	382.756	376.439	NA	NA	NA	NA	100	100	1	1	2	-186.773	479.796	376.671
1308	2	330.982	341.402	328.769	0.96	0	0	0	49	51	0.988	0.995	4	-161.491	433.62029787234	328.30114893617
1308	3	333.088	348.719	329.77	0.967	0.1495	0.1705	0.6	1	50	0.841	0.996	6	-160.544	436.305391304348	328.696695652174
1317	1	360.711	365.921	359.605	NA	NA	NA	NA	100	100	1	1	2	-178.355	462.96	359.835
1317	2	333.722	344.143	331.51	0.88	0	0	0	48	52	0.951	0.981	4	-162.861	436.36029787234	331.04114893617
1317	3	335.373	351.004	332.055	0.786	0.3282	0.3664	0.6667	15	44	0.658	0.96	6	-161.687	438.591391304348	330.982695652174
1320	1	377.433	382.643	376.326	NA	NA	NA	NA	100	100	1	1	2	-186.716	479.682	376.557
1320	2	340.948	351.369	338.736	0.946	0	0	0	50	50	0.986	0.992	4	-166.474	443.58629787234	338.26714893617
1320	3	344.882	360.513	341.563	0.702	0.9126	0.917	1	11	50	0.353	0.99	6	-166.441	448.099391304348	340.490695652174
1336	1	365.639	370.85	364.533	NA	NA	NA	NA	100	100	1	1	2	-180.82	467.89	364.765
1336	2	342.67	353.091	340.458	0.863	0	0	0	48	52	0.952	0.971	4	-167.335	445.30829787234	339.98914893617
1336	3	344.923	360.554	341.605	0.765	0.3852	0.4229	0.6667	14	50	0.599	0.983	6	-166.462	448.141391304348	340.532695652174
1350	1	366.366	371.576	365.259	NA	NA	NA	NA	100	100	1	1	2	-181.183	468.616	365.491
1350	2	343.174	353.594	340.961	0.888	2e-04	3e-04	0	49	51	0.955	0.975	4	-167.587	445.81229787234	340.49314893617
1350	3	344.684	360.315	341.366	0.869	0.1291	0.154	0.3333	4	48	0.599	0.963	6	-166.342	447.901391304348	340.292695652174
1364	1	368.245	373.455	367.139	NA	NA	NA	NA	100	100	1	1	2	-182.123	470.496	367.371
1364	2	340.859	351.279	338.646	0.944	6e-04	0.0011	0	47	53	0.988	0.993	4	-166.429	443.49629787234	338.17714893617
1364	3	335.609	351.24	332.291	0.903	0.0379	0.0505	0.0128	12	47	0.861	1	6	-161.805	438.827391304348	331.218695652174
1395	1	381.061	386.271	379.955	NA	NA	NA	NA	100	100	1	1	2	-188.531	483.312	380.187
1395	2	355.131	365.551	352.918	0.898	0.0018	0.0032	0	47	53	0.959	0.987	4	-173.565	457.76829787234	352.44914893617
1395	3	350.725	366.356	347.406	0.831	0.2008	0.2252	0.02	19	46	0.816	0.989	6	-169.362	453.941391304348	346.332695652174
1424	1	428.619	433.83	427.513	NA	NA	NA	NA	100	100	1	1	2	-212.31	530.87	427.745
1424	2	342.72	353.14	340.507	1	0.0033	0.0053	0	50	50	1	1	4	-167.36	445.35829787234	340.03914893617
1424	3	330.779	346.41	327.46	1	0	1e-04	0	1	50	0.997	1	6	-159.389	433.995391304348	326.386695652174
1444	1	432.143	437.353	431.037	NA	NA	NA	NA	100	100	1	1	2	-214.071	534.392	431.267
1444	2	339.923	350.344	337.711	0.997	0	0	0	50	50	0.999	1	4	-165.962	442.56229787234	337.24314893617
1444	3	340.096	355.727	336.778	0.881	0.0608	0.0797	0.1395	7	50	0.587	1	6	-164.048	443.313391304348	335.704695652174
1465	1	439.088	444.298	437.981	NA	NA	NA	NA	100	100	1	1	2	-217.544	541.338	438.213
1465	2	362.219	372.639	360.006	0.989	0	0	0	48	52	0.995	1	4	-177.109	464.85629787234	359.53714893617
1465	3	358.13	373.761	354.811	0.883	0.0151	0.0228	0.0316	13	48	0.785	1	6	-173.065	461.347391304348	353.738695652174
1515	1	742.093	749.5	743.158	NA	NA	NA	NA	300	300	1	1	2	-369.046	1044.17308108108	741.132540540541
1515	2	744.04	758.855	746.17	0.38	0.272	0.3028	1	86	214	0.631	0.885	4	-368.02	1046.24408163265	741.142040816326
1515	3	745.831	768.054	749.025	0.588	0.4498	0.4832	1	51	190	0.668	0.878	6	-366.916	1048.21556164384	741.023780821918
1516	1	738.708	746.116	739.773	NA	NA	NA	NA	300	300	1	1	2	-367.354	1040.78908108108	737.74854054054
1516	2	736.289	751.104	738.418	0.504	0.0297	0.0393	0	83	217	0.703	0.912	4	-364.144	1038.49208163265	733.390040816327
1516	3	738.02	760.243	741.215	0.582	0.4524	0.4865	1	53	157	0.773	0.822	6	-363.01	1040.40356164384	733.211780821918
1527	1	750.576	757.984	751.641	NA	NA	NA	NA	300	300	1	1	2	-373.288	1052.65708108108	749.616540540541
1527	2	748.833	763.649	750.963	0.56	0.0492	0.0616	0.05	46	254	0.562	0.95	4	-370.417	1051.03808163265	745.936040816326
1527	3	746.868	769.091	750.063	0.676	0.248	0.277	0.1132	35	173	0.765	0.892	6	-367.434	1049.25156164384	742.059780821918
1576	1	792.599	800.007	793.664	NA	NA	NA	NA	300	300	1	1	2	-394.3	1094.68108108108	791.640540540541
1576	2	792.455	807.27	794.584	0.533	0.0612	0.0755	1	40	260	0.485	0.958	4	-392.227	1094.65808163265	789.556040816326
1576	3	794.441	816.663	797.635	0.576	0.4249	0.4597	0.3333	32	200	0.653	0.895	6	-391.22	1096.82356164384	789.631780821918
1589	1	760.002	767.41	761.067	NA	NA	NA	NA	300	300	1	1	2	-378.001	1062.08308108108	759.04254054054
1589	2	763.55	778.365	765.68	0.225	0.8454	0.8571	1	111	189	0.615	0.805	4	-377.775	1065.75408163265	760.652040816326
1589	3	763.981	786.204	767.175	0.637	0.187	0.21	0.2667	24	185	0.654	0.885	6	-375.991	1066.36556164384	759.173780821918
1605	1	1112.57	1119.978	1113.635	NA	NA	NA	NA	300	300	1	1	2	-554.285	1414.65108108108	1111.61054054054
1605	2	1012.307	1027.123	1014.437	0.913	0	0	0	150	150	0.976	0.981	4	-502.154	1314.51208163265	1009.41004081633
1605	3	1012.244	1034.466	1015.438	0.754	0.0781	0.0951	0.2353	40	147	0.606	0.984	6	-500.122	1314.62756164384	1007.43578082192
1615	1	1107.382	1114.789	1108.447	NA	NA	NA	NA	300	300	1	1	2	-551.691	1409.46308108108	1106.42254054054
1615	2	1004.57	1019.385	1006.7	0.919	0	0	0	147	153	0.972	0.986	4	-498.285	1306.77408163265	1001.67204081633
1615	3	999.782	1022.005	1002.976	0.831	0.0326	0.0422	0	23	147	0.584	0.988	6	-493.891	1302.16556164384	994.973780821918
1636	1	1137.923	1145.331	1138.988	NA	NA	NA	NA	300	300	1	1	2	-566.962	1440.00508108108	1136.96454054054
1636	2	1057.753	1072.568	1059.883	0.874	0	0	0	146	154	0.958	0.968	4	-524.877	1359.95808163265	1054.85604081633
1636	3	1054.723	1076.946	1057.917	0.882	0.0452	0.0569	0.0408	6	150	0.513	0.965	6	-521.361	1357.10556164384	1049.91378082192
1667	1	1097.125	1104.532	1098.189	NA	NA	NA	NA	300	300	1	1	2	-546.562	1399.20508108108	1096.16454054054
1667	2	1013.22	1028.036	1015.35	0.906	0	0	0	143	157	0.975	0.977	4	-502.61	1315.42408163265	1010.32204081633
1667	3	1003.628	1025.85	1006.822	0.907	0.003	0.0046	0	8	151	0.589	0.981	6	-495.814	1306.01156164384	998.819780821918
1681	1	1134.843	1142.25	1135.907	NA	NA	NA	NA	300	300	1	1	2	-565.421	1436.92308108108	1133.88254054054
1681	2	1049.807	1064.622	1051.936	0.901	0	0	0	148	152	0.967	0.983	4	-520.903	1352.01008163265	1046.90804081633
1681	3	1047.46	1069.683	1050.655	0.801	0.0374	0.0483	0.1071	24	147	0.538	0.981	6	-517.73	1349.84356164384	1042.65178082192
1706	1	1289.929	1297.336	1290.994	NA	NA	NA	NA	300	300	1	1	2	-642.964	1592.00908108108	1288.96854054054
1706	2	1123.94	1138.755	1126.07	0.971	0	0	0	148	152	0.994	0.994	4	-557.97	1426.14408163265	1121.04204081633
1706	3	1121.205	1143.428	1124.4	0.944	0.0087	0.012	0.0811	5	148	0.516	0.996	6	-554.603	1423.58956164384	1116.39778082192
1728	1	1296.674	1304.081	1297.739	NA	NA	NA	NA	300	300	1	1	2	-646.337	1598.75508108108	1295.71454054054
1728	2	1070.397	1085.212	1072.527	0.986	0	0	0	150	150	0.995	0.998	4	-531.199	1372.60208163265	1067.50004081633
1728	3	1069.006	1091.229	1072.2	0.953	0.0301	0.0384	0.1071	5	149	0.533	0.996	6	-528.503	1371.38956164384	1064.19778082192
1758	1	1295.526	1302.934	1296.591	NA	NA	NA	NA	300	300	1	1	2	-645.763	1597.60708108108	1294.56654054054
1758	2	1082.996	1097.811	1085.125	0.978	0	0	0	148	152	0.992	0.995	4	-537.498	1385.20008163265	1080.09804081633
1758	3	1079.521	1101.744	1082.716	0.862	0.0362	0.0451	0.04	26	150	0.607	0.996	6	-533.761	1381.90556164384	1074.71378082192
1798	1	1294.437	1301.845	1295.502	NA	NA	NA	NA	300	300	1	1	2	-645.219	1596.51908108108	1293.47854054054
1798	2	1077.503	1092.318	1079.632	0.988	0	0	0	149	151	0.996	0.998	4	-534.751	1379.70608163265	1074.60404081633
1798	3	1069.8	1092.023	1072.995	0.912	9e-04	0.0016	0	14	149	0.578	0.998	6	-528.9	1372.18356164384	1064.99178082192
1825	1	121.327	124.705	118.447	NA	NA	NA	NA	40	40	1	1	2	-58.664	163.994666666667	120.661333333333
1825	2	123.728	130.483	117.966	0.605	0.6146	0.6545	0.5	20	20	0.893	0.918	4	-57.864	167.492705882353	121.610352941176
1825	3	126.023	136.156	117.381	0.803	0.2656	0.2934	1	7	20	0.849	0.993	6	-57.012	171.524	122.774
1828	1	130.902	134.28	128.022	NA	NA	NA	NA	40	40	1	1	2	-63.451	173.568666666667	130.235333333333
1828	2	128.318	135.074	122.557	0.826	0.0406	0.0601	0.05	12	28	0.936	0.979	4	-60.159	172.082705882353	126.200352941176
1828	3	130.227	140.36	121.584	0.854	0.5956	0.6328	1	11	17	0.882	0.999	6	-59.113	175.726	126.976
1854	1	128.753	132.13	125.872	NA	NA	NA	NA	40	40	1	1	2	-62.376	171.418666666667	128.085333333333
1854	2	125.762	132.517	120	0.784	0.0498	0.0745	0.04	15	25	0.854	0.994	4	-58.881	169.526705882353	123.644352941176
1854	3	128.312	138.445	119.67	0.887	0.6779	0.7032	1	8	17	0.914	0.993	6	-58.156	173.812	125.062
1889	1	121.327	124.705	118.447	NA	NA	NA	NA	40	40	1	1	2	-58.664	163.994666666667	120.661333333333
1889	2	123.728	130.483	117.966	0.605	0.6146	0.6545	0.5	20	20	0.893	0.918	4	-57.864	167.492705882353	121.610352941176
1889	3	126.023	136.156	117.381	0.803	0.2656	0.2934	1	7	20	0.849	0.993	6	-57.012	171.524	122.774
1897	1	121.327	124.705	118.447	NA	NA	NA	NA	40	40	1	1	2	-58.664	163.994666666667	120.661333333333
1897	2	123.728	130.483	117.966	0.605	0.6146	0.6545	0.5	20	20	0.893	0.918	4	-57.864	167.492705882353	121.610352941176
1897	3	126.023	136.156	117.381	0.803	0.2656	0.2934	1	7	20	0.849	0.993	6	-57.012	171.524	122.774
1911	1	130.956	134.334	128.075	NA	NA	NA	NA	40	40	1	1	2	-63.478	173.622666666667	130.289333333333
1911	2	130.483	137.239	124.722	0.755	0.1653	0.2081	0.2	17	23	0.922	0.968	4	-61.242	174.248705882353	128.366352941176
1911	3	132.702	142.835	124.059	0.809	0.3386	0.378	0.5	11	17	0.845	0.996	6	-60.351	178.202	129.452
1928	1	119.846	123.224	116.965	NA	NA	NA	NA	40	40	1	1	2	-57.923	162.512666666667	119.179333333333
1928	2	122.158	128.913	116.396	0.631	0.5237	0.5701	0.5	16	24	0.899	0.921	4	-57.079	165.922705882353	120.040352941176
1928	3	123.66	133.793	115.017	0.905	0.6117	0.6419	0.2083	9	16	0.946	0.999	6	-55.83	169.16	120.41
1942	1	139.194	142.571	136.313	NA	NA	NA	NA	40	40	1	1	2	-67.597	181.860666666667	138.527333333333
1942	2	127.532	134.288	121.77	0.91	7e-04	0.0019	0	18	22	0.945	0.999	4	-59.766	171.296705882353	125.414352941176
1942	3	131.279	141.413	122.637	0.846	0.5467	0.58	1	4	18	0.778	0.979	6	-59.64	176.78	128.03
1953	1	125.449	128.826	122.568	NA	NA	NA	NA	40	40	1	1	2	-60.724	168.114666666667	124.781333333333
1953	2	125.33	132.086	119.569	0.774	0.1587	0.1964	0.2	12	28	0.939	0.95	4	-58.665	169.094705882353	123.212352941176
1953	3	125.808	135.941	117.166	0.896	0.6105	0.6479	0.1765	12	15	0.932	1	6	-56.904	171.308	122.558
1973	1	118.478	121.856	115.598	NA	NA	NA	NA	40	40	1	1	2	-57.239	161.144666666667	117.811333333333
1973	2	122.043	128.798	116.281	0.406	0.7345	0.7586	1	9	31	0.565	0.94	4	-57.021	165.806705882353	119.924352941176
1973	3	123.179	133.312	114.537	0.924	0.745	0.7744	0.2857	9	16	0.957	0.997	6	-55.59	168.68	119.93
1991	1	121.327	124.705	118.447	NA	NA	NA	NA	40	40	1	1	2	-58.664	163.994666666667	120.661333333333
1991	2	123.728	130.483	117.966	0.605	0.6146	0.6545	0.5	20	20	0.893	0.918	4	-57.864	167.492705882353	121.610352941176
1991	3	126.023	136.156	117.381	0.803	0.2656	0.2934	1	7	20	0.849	0.993	6	-57.012	171.524	122.774
2005	1	127.056	130.434	124.175	NA	NA	NA	NA	40	40	1	1	2	-61.528	169.722666666667	126.389333333333
2005	2	125.522	132.278	119.761	0.767	0.0636	0.0895	0.1463	10	30	0.82	0.99	4	-58.761	169.286705882353	123.404352941176
2005	3	128.528	138.661	119.885	0.829	0.7022	0.7315	1	9	21	0.859	0.987	6	-58.264	174.028	125.278
2019	1	125.449	128.826	122.568	NA	NA	NA	NA	40	40	1	1	2	-60.724	168.114666666667	124.781333333333
2019	2	125.33	132.086	119.569	0.774	0.1587	0.1964	0.2	12	28	0.939	0.95	4	-58.665	169.094705882353	123.212352941176
2019	3	125.808	135.941	117.166	0.896	0.6105	0.6479	0.1765	12	15	0.932	1	6	-56.904	171.308	122.558
2046	1	139.194	142.571	136.313	NA	NA	NA	NA	40	40	1	1	2	-67.597	181.860666666667	138.527333333333
2046	2	127.532	134.288	121.77	0.91	7e-04	0.0019	0	18	22	0.945	0.999	4	-59.766	171.296705882353	125.414352941176
2046	3	131.279	141.413	122.637	0.846	0.5467	0.58	1	4	18	0.778	0.979	6	-59.64	176.78	128.03
2050	1	125.449	128.826	122.568	NA	NA	NA	NA	40	40	1	1	2	-60.724	168.114666666667	124.781333333333
2050	2	125.33	132.086	119.569	0.774	0.1587	0.1964	0.2	12	28	0.939	0.95	4	-58.665	169.094705882353	123.212352941176
2050	3	125.808	135.941	117.166	0.896	0.6105	0.6479	0.1765	12	15	0.932	1	6	-56.904	171.308	122.558
2077	1	121.667	125.045	118.786	NA	NA	NA	NA	40	40	1	1	2	-58.833	164.332666666667	120.999333333333
2077	2	123.839	130.595	118.078	0.602	0.396	0.4454	0.5	11	29	0.759	0.963	4	-57.92	167.604705882353	121.722352941176
2077	3	125.13	135.264	116.488	0.925	0.7294	0.7577	0.3333	11	16	0.956	0.998	6	-56.565	170.63	121.88
2095	1	127.056	130.434	124.175	NA	NA	NA	NA	40	40	1	1	2	-61.528	169.722666666667	126.389333333333
2095	2	125.522	132.278	119.761	0.767	0.0636	0.0895	0.1463	10	30	0.82	0.99	4	-58.761	169.286705882353	123.404352941176
2095	3	128.528	138.661	119.885	0.829	0.7022	0.7315	1	9	21	0.859	0.987	6	-58.264	174.028	125.278
2115	1	331.297	336.507	330.19	NA	NA	NA	NA	100	100	1	1	2	-163.648	433.546	330.421
2115	2	315.497	325.918	313.285	0.797	1e-04	2e-04	0	39	61	0.82	0.996	4	-153.749	418.13629787234	312.81714893617
2115	3	317.954	333.585	314.636	0.786	0.2184	0.2436	0.6667	17	44	0.791	0.968	6	-152.977	421.171391304348	313.562695652174
2130	1	252.96	258.17	251.853	NA	NA	NA	NA	100	100	1	1	2	-124.48	355.21	252.085
2130	2	256.637	267.058	254.425	0.858	0.5694	0.5878	1	2	98	0.341	0.991	4	-124.319	359.27629787234	253.95714893617
2130	3	234.548	250.179	231.229	0.992	0.37	0.3984	0	14	48	0.997	1	6	-111.274	337.765391304348	230.156695652174
2137	1	322.825	328.036	321.719	NA	NA	NA	NA	100	100	1	1	2	-159.413	425.076	321.951
2137	2	323.707	334.127	321.494	0.503	0.1839	0.2172	0.2667	32	68	0.706	0.948	4	-157.853	426.34429787234	321.02514893617
2137	3	320.72	336.351	317.402	0.774	0.0205	0.0284	0.0759	32	35	0.8	0.99	6	-154.36	423.937391304348	316.328695652174
2165	1	299.575	304.785	298.469	NA	NA	NA	NA	100	100	1	1	2	-147.787	401.824	298.699
2165	2	302.496	312.917	300.283	0.484	0.4938	0.5266	0.6667	26	74	0.71	0.896	4	-147.248	405.13429787234	299.81514893617
2165	3	299.017	314.648	295.699	0.869	0.3597	0.396	0.03	26	41	0.913	0.997	6	-143.509	402.235391304348	294.626695652174
2195	1	307.106	312.316	305.999	NA	NA	NA	NA	100	100	1	1	2	-151.553	409.356	306.231
2195	2	305.725	316.146	303.513	0.587	0.086	0.1092	0.0779	23	77	0.591	0.988	4	-148.862	408.36229787234	303.04314893617
2195	3	306.542	322.173	303.224	0.799	0.2578	0.2839	0.25	23	49	0.842	0.986	6	-147.271	409.759391304348	302.150695652174
2216	1	261.013	266.223	259.907	NA	NA	NA	NA	100	100	1	1	2	-128.506	363.262	260.137
2216	2	263.317	273.738	261.105	0.442	0.4819	0.5245	0.6667	32	68	0.659	0.953	4	-127.659	365.95629787234	260.63714893617
2216	3	219.738	235.369	216.419	0.999	0.391	0.4161	0	27	41	1	1	6	-103.869	322.955391304348	215.346695652174
2226	1	252.96	258.17	251.853	NA	NA	NA	NA	100	100	1	1	2	-124.48	355.21	252.085
2226	2	256.637	267.058	254.425	0.858	0.5694	0.5878	1	2	98	0.341	0.991	4	-124.319	359.27629787234	253.95714893617
2226	3	234.548	250.179	231.229	0.992	0.37	0.3984	0	14	48	0.997	1	6	-111.274	337.765391304348	230.156695652174
2233	1	331.297	336.507	330.19	NA	NA	NA	NA	100	100	1	1	2	-163.648	433.546	330.421
2233	2	315.497	325.918	313.285	0.797	1e-04	2e-04	0	39	61	0.82	0.996	4	-153.749	418.13629787234	312.81714893617
2233	3	317.954	333.585	314.636	0.786	0.2184	0.2436	0.6667	17	44	0.791	0.968	6	-152.977	421.171391304348	313.562695652174
2243	1	331.297	336.507	330.19	NA	NA	NA	NA	100	100	1	1	2	-163.648	433.546	330.421
2243	2	315.497	325.918	313.285	0.797	1e-04	2e-04	0	39	61	0.82	0.996	4	-153.749	418.13629787234	312.81714893617
2243	3	317.954	333.585	314.636	0.786	0.2184	0.2436	0.6667	17	44	0.791	0.968	6	-152.977	421.171391304348	313.562695652174
2254	1	354.113	359.324	353.007	NA	NA	NA	NA	100	100	1	1	2	-175.057	456.364	353.239
2254	2	320.085	330.506	317.873	0.905	0	0	0	47	53	0.95	0.998	4	-156.043	422.72429787234	317.40514893617
2254	3	321.922	337.553	318.604	0.843	0.0762	0.0917	0.6667	11	47	0.768	0.99	6	-154.961	425.139391304348	317.530695652174
2263	1	331.297	336.507	330.19	NA	NA	NA	NA	100	100	1	1	2	-163.648	433.546	330.421
2263	2	315.497	325.918	313.285	0.797	1e-04	2e-04	0	39	61	0.82	0.996	4	-153.749	418.13629787234	312.81714893617
2263	3	317.954	333.585	314.636	0.786	0.2184	0.2436	0.6667	17	44	0.791	0.968	6	-152.977	421.171391304348	313.562695652174
2266	1	296.735	301.946	295.629	NA	NA	NA	NA	100	100	1	1	2	-146.368	398.986	295.861
2266	2	296.651	307.071	294.438	0.566	0.1269	0.1579	0.2143	30	70	0.717	0.968	4	-144.325	399.28829787234	293.96914893617
2266	3	292.515	308.146	289.196	0.94	0.4588	0.487	0	30	38	0.967	0.998	6	-140.257	395.731391304348	288.122695652174
2280	1	354.113	359.324	353.007	NA	NA	NA	NA	100	100	1	1	2	-175.057	456.364	353.239
2280	2	320.085	330.506	317.873	0.905	0	0	0	47	53	0.95	0.998	4	-156.043	422.72429787234	317.40514893617
2280	3	321.922	337.553	318.604	0.843	0.0762	0.0917	0.6667	11	47	0.768	0.99	6	-154.961	425.139391304348	317.530695652174
2284	1	324.05	329.261	322.944	NA	NA	NA	NA	100	100	1	1	2	-160.025	426.3	323.175
2284	2	322.745	333.166	320.533	0.65	0.0338	0.0466	0.0779	23	77	0.78	0.955	4	-157.373	425.38429787234	320.06514893617
2284	3	316.803	332.434	313.484	0.803	0.0084	0.013	0	23	44	0.8	0.996	6	-152.401	420.019391304348	312.410695652174
2311	1	354.113	359.324	353.007	NA	NA	NA	NA	100	100	1	1	2	-175.057	456.364	353.239
2311	2	320.085	330.506	317.873	0.905	0	0	0	47	53	0.95	0.998	4	-156.043	422.72429787234	317.40514893617
2311	3	321.922	337.553	318.604	0.843	0.0762	0.0917	0.6667	11	47	0.768	0.99	6	-154.961	425.139391304348	317.530695652174
2321	1	297.355	302.565	296.249	NA	NA	NA	NA	100	100	1	1	2	-146.678	399.606	296.481
2321	2	296.966	307.387	294.754	0.599	0.1255	0.1563	0.1333	37	63	0.819	0.953	4	-144.483	399.60429787234	294.28514893617
2321	3	293.594	309.225	290.276	0.932	0.4307	0.4588	0.0404	30	37	0.962	0.999	6	-140.797	396.811391304348	289.202695652174
2352	1	331.297	336.507	330.19	NA	NA	NA	NA	100	100	1	1	2	-163.648	433.546	330.421
2352	2	315.497	325.918	313.285	0.797	1e-04	2e-04	0	39	61	0.82	0.996	4	-153.749	418.13629787234	312.81714893617
2352	3	317.954	333.585	314.636	0.786	0.2184	0.2436	0.6667	17	44	0.791	0.968	6	-152.977	421.171391304348	313.562695652174
2363	1	330.471	335.682	329.365	NA	NA	NA	NA	100	100	1	1	2	-163.236	432.722	329.597
2363	2	326.32	336.74	324.107	0.693	0.0548	0.0722	0.0303	41	59	0.892	0.955	4	-159.16	428.95829787234	323.63914893617
2363	3	320.993	336.624	317.675	0.808	0.0065	0.0099	0.02	29	41	0.817	0.997	6	-154.497	424.211391304348	316.602695652174
2411	1	768.306	775.714	769.371	NA	NA	NA	NA	300	300	1	1	2	-382.153	1070.38708108108	767.346540540541
2411	2	769.203	784.018	771.333	0.6	0.1099	0.1277	1	11	289	0.217	0.995	4	-380.602	1071.40808163265	766.306040816326
2411	3	672.465	694.688	675.66	0.996	0.1129	0.1291	0	62	140	0.999	1	6	-330.233	974.849561643836	667.657780821918
2422	1	792.143	799.55	793.207	NA	NA	NA	NA	300	300	1	1	2	-394.071	1094.22308108108	791.182540540541
2422	2	794.112	808.928	796.242	0.404	0.2871	0.3173	1	82	218	0.665	0.894	4	-393.056	1096.31608163265	791.214040816326
2422	3	710.79	733.013	713.985	0.994	0.1086	0.1244	0	82	132	0.998	1	6	-349.395	1013.17356164384	705.981780821918
2436	1	815.231	822.639	816.296	NA	NA	NA	NA	300	300	1	1	2	-405.616	1117.31308108108	814.27254054054
2436	2	819.047	833.862	821.176	0.176	0.8362	0.847	1	88	212	0.502	0.855	4	-405.523	1121.25008163265	816.148040816327
2436	3	768.937	791.16	772.132	0.98	0.1188	0.1358	0	79	133	0.993	1	6	-378.469	1071.32156164384	764.129780821918
2453	1	962.236	969.644	963.301	NA	NA	NA	NA	300	300	1	1	2	-479.118	1264.31708108108	961.276540540541
2453	2	900.135	914.95	902.265	0.815	0	0	0	130	170	0.868	0.996	4	-446.068	1202.34008163265	897.238040816326
2453	3	898.018	920.241	901.212	0.847	0.1707	0.1894	0.051	50	130	0.864	0.984	6	-443.009	1200.40156164384	893.209780821918
2494	1	823.755	831.163	824.82	NA	NA	NA	NA	300	300	1	1	2	-409.877	1125.83508108108	822.794540540541
2494	2	824.178	838.993	826.307	0.562	0.0811	0.0976	1	46	254	0.587	0.936	4	-408.089	1126.38208163265	821.280040816327
2494	3	805.072	827.295	808.266	0.932	0.171	0.1909	0	46	140	0.962	0.998	6	-396.536	1107.45556164384	800.263780821918
2511	1	962.236	969.644	963.301	NA	NA	NA	NA	300	300	1	1	2	-479.118	1264.31708108108	961.276540540541
2511	2	900.135	914.95	902.265	0.815	0	0	0	130	170	0.868	0.996	4	-446.068	1202.34008163265	897.238040816326
2511	3	898.018	920.241	901.212	0.847	0.1707	0.1894	0.051	50	130	0.864	0.984	6	-443.009	1200.40156164384	893.209780821918
2547	1	862.279	869.687	863.344	NA	NA	NA	NA	300	300	1	1	2	-429.14	1164.36108108108	861.32054054054
2547	2	863.94	878.755	866.069	0.378	0.2013	0.2276	1	72	228	0.576	0.923	4	-427.97	1166.14408163265	861.042040816327
2547	3	844.337	866.56	847.531	0.93	0.1719	0.1923	0	72	117	0.962	0.998	6	-416.169	1146.72156164384	839.529780821918
2560	1	783.932	791.34	784.997	NA	NA	NA	NA	300	300	1	1	2	-389.966	1086.01308108108	782.972540540541
2560	2	782.552	797.368	784.682	0.433	0.0662	0.0835	1	84	216	0.578	0.968	4	-387.276	1084.75608163265	779.654040816327
2560	3	654.549	676.772	657.743	0.999	0.1282	0.1449	0	84	120	1	1	6	-321.274	956.931561643836	649.739780821918
2575	1	815.231	822.639	816.296	NA	NA	NA	NA	300	300	1	1	2	-405.616	1117.31308108108	814.27254054054
2575	2	819.047	833.862	821.176	0.176	0.8362	0.847	1	88	212	0.502	0.855	4	-405.523	1121.25008163265	816.148040816327
2575	3	768.937	791.16	772.132	0.98	0.1188	0.1358	0	79	133	0.993	1	6	-378.469	1071.32156164384	764.129780821918
2584	1	805.759	813.167	806.824	NA	NA	NA	NA	300	300	1	1	2	-400.88	1107.84108108108	804.800540540541
2584	2	809.422	824.237	811.551	0.227	0.8154	0.8285	1	104	196	0.609	0.836	4	-400.711	1111.62608163265	806.524040816327
2584	3	758.602	780.825	761.797	0.981	0.1096	0.1255	0	64	132	0.993	1	6	-373.301	1060.98556164384	753.793780821918
2597	1	862.279	869.687	863.344	NA	NA	NA	NA	300	300	1	1	2	-429.14	1164.36108108108	861.32054054054
2597	2	863.94	878.755	866.069	0.378	0.2013	0.2276	1	72	228	0.576	0.923	4	-427.97	1166.14408163265	861.042040816327
2597	3	844.337	866.56	847.531	0.93	0.1719	0.1923	0	72	117	0.962	0.998	6	-416.169	1146.72156164384	839.529780821918
2611	1	812.936	820.344	814.001	NA	NA	NA	NA	300	300	1	1	2	-404.468	1115.01708108108	811.976540540541
2611	2	812.835	827.65	814.964	0.539	0.0686	0.0834	1	68	232	0.716	0.904	4	-402.417	1115.03808163265	809.936040816326
2611	3	759.305	781.527	762.499	0.983	0.1174	0.1343	0	68	128	0.994	1	6	-373.652	1061.68756164384	754.495780821918
2624	1	962.236	969.644	963.301	NA	NA	NA	NA	300	300	1	1	2	-479.118	1264.31708108108	961.276540540541
2624	2	900.135	914.95	902.265	0.815	0	0	0	130	170	0.868	0.996	4	-446.068	1202.34008163265	897.238040816326
2624	3	898.018	920.241	901.212	0.847	0.1707	0.1894	0.051	50	130	0.864	0.984	6	-443.009	1200.40156164384	893.209780821918
2658	1	823.755	831.163	824.82	NA	NA	NA	NA	300	300	1	1	2	-409.877	1125.83508108108	822.794540540541
2658	2	824.178	838.993	826.307	0.562	0.0811	0.0976	1	46	254	0.587	0.936	4	-408.089	1126.38208163265	821.280040816327
2658	3	805.072	827.295	808.266	0.932	0.171	0.1909	0	46	140	0.962	0.998	6	-396.536	1107.45556164384	800.263780821918
2670	1	805.759	813.167	806.824	NA	NA	NA	NA	300	300	1	1	2	-400.88	1107.84108108108	804.800540540541
2670	2	809.422	824.237	811.551	0.227	0.8154	0.8285	1	104	196	0.609	0.836	4	-400.711	1111.62608163265	806.524040816327
2670	3	758.602	780.825	761.797	0.981	0.1096	0.1255	0	64	132	0.993	1	6	-373.301	1060.98556164384	753.793780821918
2681	1	962.236	969.644	963.301	NA	NA	NA	NA	300	300	1	1	2	-479.118	1264.31708108108	961.276540540541
2681	2	900.135	914.95	902.265	0.815	0	0	0	130	170	0.868	0.996	4	-446.068	1202.34008163265	897.238040816326
2681	3	898.018	920.241	901.212	0.847	0.1707	0.1894	0.051	50	130	0.864	0.984	6	-443.009	1200.40156164384	893.209780821918
