8	1	123.018	126.396	120.137	NA	NA	NA	NA	40	40	1	1	2	-59.509	165.684666666667	122.351333333333
8	2	123.929	130.685	118.167	0.732	0.1731	0.2122	0.2857	9	31	0.839	0.959	4	-57.965	167.694705882353	121.812352941176
8	3	127.099	137.232	118.456	0.677	0.6827	0.7155	0.6667	8	23	0.662	0.947	6	-57.549	172.598	123.848
34	1	115.619	118.997	112.738	NA	NA	NA	NA	40	40	1	1	2	-55.809	158.284666666667	114.951333333333
34	2	119.22	125.975	113.458	0.452	0.9195	0.9291	1	16	24	0.778	0.886	4	-55.61	162.984705882353	117.102352941176
34	3	115.877	126.011	107.235	0.853	0.0235	0.0334	0.02	4	22	0.893	0.924	6	-51.939	161.378	112.628
75	1	126.16	129.537	123.279	NA	NA	NA	NA	40	40	1	1	2	-61.08	168.826666666667	125.493333333333
75	2	129.324	136.08	123.563	0.473	0.6814	0.7124	1	12	28	0.69	0.904	4	-60.662	173.088705882353	127.206352941176
75	3	132.739	142.872	124.097	0.63	0.6844	0.7044	0.5	4	18	0.642	0.901	6	-60.37	178.24	129.49
80	1	134.442	137.819	131.561	NA	NA	NA	NA	40	40	1	1	2	-65.221	177.108666666667	133.775333333333
80	2	135.928	142.683	130.166	0.621	0.301	0.3521	0.3077	20	20	0.885	0.895	4	-63.964	179.692705882353	133.810352941176
80	3	138.923	149.056	130.28	0.693	0.7048	0.7376	1	11	15	0.801	0.925	6	-63.461	184.422	135.672
97	1	110.08	113.458	107.2	NA	NA	NA	NA	40	40	1	1	2	-53.04	152.746666666667	109.413333333333
97	2	112.988	119.744	107.227	0.469	0.6894	0.7167	0.5	13	27	0.696	0.907	4	-52.494	156.752705882353	110.870352941176
97	3	113.393	123.526	104.751	0.784	0.3807	0.4155	0.1395	7	20	0.878	0.913	6	-50.697	158.894	110.144
123	1	147.523	150.9	144.642	NA	NA	NA	NA	40	40	1	1	2	-71.761	190.188666666667	146.855333333333
123	2	150.347	157.102	144.585	0.502	0.5298	0.5729	0.5	17	23	0.818	0.86	4	-71.173	194.110705882353	148.228352941176
123	3	153.243	163.376	144.601	0.662	0.6387	0.6752	0.6667	8	20	0.784	0.863	6	-70.621	198.742	149.992
134	1	156.628	160.005	153.747	NA	NA	NA	NA	40	40	1	1	2	-76.314	199.294666666667	155.961333333333
134	2	150.18	156.936	144.419	0.916	0.0141	0.0234	0	19	21	0.984	0.987	4	-71.09	193.944705882353	148.062352941176
134	3	152.997	163.13	144.355	0.819	0.4563	0.4894	0.6667	5	21	0.704	0.997	6	-70.499	198.498	149.748
146	1	158.574	161.952	155.694	NA	NA	NA	NA	40	40	1	1	2	-77.287	201.240666666667	157.907333333333
146	2	158.902	165.658	153.141	0.702	0.2125	0.2585	0.2083	17	23	0.906	0.913	4	-75.451	202.666705882353	156.784352941176
146	3	158.986	169.119	150.344	0.833	0.1575	0.1947	0.1463	6	21	0.815	0.957	6	-73.493	204.486	155.736
169	1	155.525	158.903	152.644	NA	NA	NA	NA	40	40	1	1	2	-75.762	198.190666666667	154.857333333333
169	2	154.355	161.111	148.594	0.732	0.0938	0.1244	0.2	15	25	0.887	0.947	4	-73.178	198.120705882353	152.238352941176
169	3	155.465	165.599	146.823	0.797	0.5462	0.5887	0.2	12	15	0.829	0.961	6	-71.733	200.966	152.216
184	1	171.156	174.534	168.275	NA	NA	NA	NA	40	40	1	1	2	-83.578	213.822666666667	170.489333333333
184	2	172.777	179.533	167.016	0.647	0.2436	0.2857	0.3077	9	31	0.719	0.966	4	-82.389	216.542705882353	170.660352941176
184	3	172.578	182.712	163.936	0.85	0.3311	0.3815	0.2667	8	20	0.889	0.964	6	-80.289	218.078	169.328
198	1	171.485	174.862	168.604	NA	NA	NA	NA	40	40	1	1	2	-83.742	214.150666666667	170.817333333333
198	2	169.077	175.832	163.315	0.738	0.0628	0.0874	0.05	17	23	0.881	0.946	4	-80.538	212.840705882353	166.958352941176
198	3	168.038	178.172	159.396	0.836	0.1108	0.1437	0.1463	12	16	0.866	0.973	6	-78.019	213.538	164.788
229	1	178.339	181.717	175.459	NA	NA	NA	NA	40	40	1	1	2	-87.17	221.006666666667	177.673333333333
229	2	172.444	179.199	166.682	0.85	0.0099	0.0174	0	17	23	0.946	0.967	4	-82.222	216.208705882353	170.326352941176
229	3	175.845	185.978	167.202	0.698	0.7876	0.8072	1	10	15	0.707	0.943	6	-81.922	221.344	172.594
251	1	171.633	175.011	168.752	NA	NA	NA	NA	40	40	1	1	2	-83.816	214.298666666667	170.965333333333
251	2	154.184	160.94	148.423	0.945	3e-04	9e-04	0	19	21	0.975	0.989	4	-73.092	197.948705882353	152.066352941176
251	3	157.366	167.499	148.724	0.875	0.6061	0.636	1	2	20	0.479	0.993	6	-72.683	202.866	154.116
266	1	186.711	190.089	183.83	NA	NA	NA	NA	40	40	1	1	2	-91.356	229.378666666667	186.045333333333
266	2	180.212	186.968	174.451	0.858	0.035	0.0525	0	18	22	0.962	0.964	4	-86.106	223.976705882353	178.094352941176
266	3	177.19	187.323	168.547	0.886	0.1719	0.2078	0	12	15	0.917	0.969	6	-82.595	222.69	173.94
297	1	177.945	181.323	175.064	NA	NA	NA	NA	40	40	1	1	2	-86.973	220.612666666667	177.279333333333
297	2	156.843	163.599	151.082	0.989	0.001	0.0021	0	19	21	0.998	0.999	4	-74.422	200.608705882353	154.726352941176
297	3	158.724	168.858	150.082	0.96	0.126	0.1517	0.2353	1	21	0.687	1	6	-73.362	204.224	155.474
309	1	303.226	308.437	302.12	NA	NA	NA	NA	100	100	1	1	2	-149.613	405.476	302.351
309	2	306.771	317.191	304.558	0.634	0.7239	0.7386	1	8	92	0.434	0.97	4	-149.385	409.40829787234	304.08914893617
309	3	305.424	321.055	302.106	0.768	0.1039	0.127	0.2083	12	75	0.725	0.954	6	-146.712	408.641391304348	301.032695652174
326	1	331.496	336.707	330.39	NA	NA	NA	NA	100	100	1	1	2	-163.748	433.746	330.621
326	2	335.082	345.502	332.869	0.714	0.6189	0.637	1	3	97	0.254	0.989	4	-163.541	437.72029787234	332.40114893617
326	3	338.497	354.128	335.178	0.679	0.687	0.7001	1	2	92	0.218	0.979	6	-163.248	441.713391304348	334.104695652174
343	1	292.832	298.042	291.726	NA	NA	NA	NA	100	100	1	1	2	-144.416	395.082	291.957
343	2	294.745	305.165	292.532	0.577	0.6978	0.7242	0.6667	48	52	0.876	0.887	4	-143.372	397.38229787234	292.06314893617
343	3	293.572	309.203	290.253	0.803	0.14	0.1606	0.1053	4	51	0.73	0.93	6	-140.786	396.789391304348	289.180695652174
379	1	292.367	297.578	291.261	NA	NA	NA	NA	100	100	1	1	2	-144.184	394.618	291.493
379	2	290.439	300.86	288.227	0.603	0.0713	0.0929	0.0505	48	52	0.875	0.877	4	-141.22	393.07829787234	287.75914893617
379	3	289.562	305.193	286.244	0.745	0.2268	0.2621	0.0952	29	41	0.853	0.903	6	-138.781	392.779391304348	285.170695652174
426	1	394.042	399.252	392.936	NA	NA	NA	NA	100	100	1	1	2	-195.021	496.292	393.167
426	2	394.355	404.776	392.143	0.545	0.1645	0.1997	0.2143	41	59	0.821	0.881	4	-193.178	496.99429787234	391.67514893617
426	3	396.71	412.341	393.392	0.667	0.6307	0.6634	0.6667	22	41	0.819	0.885	6	-192.355	499.927391304348	392.318695652174
434	1	373.984	379.194	372.878	NA	NA	NA	NA	100	100	1	1	2	-184.992	476.234	373.109
434	2	352.435	362.855	350.222	0.864	0	1e-04	0	49	51	0.955	0.975	4	-172.217	455.07229787234	349.75314893617
434	3	352.533	368.164	349.214	0.783	0.1881	0.2204	0.1395	24	50	0.766	0.99	6	-170.266	455.749391304348	348.140695652174
461	1	385.045	390.255	383.939	NA	NA	NA	NA	100	100	1	1	2	-190.522	487.294	384.169
461	2	380.303	390.724	378.091	0.682	0.0156	0.024	0.0303	46	54	0.897	0.915	4	-186.151	482.94029787234	377.62114893617
461	3	382.945	398.576	379.626	0.688	0.6375	0.6672	0.6667	25	40	0.828	0.915	6	-185.472	486.161391304348	378.552695652174
490	1	393.085	398.295	391.978	NA	NA	NA	NA	100	100	1	1	2	-194.542	495.334	392.209
490	2	383.8	394.22	381.587	0.745	0.0032	0.0056	0	48	52	0.918	0.938	4	-187.9	486.43829787234	381.11914893617
490	3	383.003	398.634	379.684	0.742	0.2132	0.2464	0.08	27	37	0.836	0.933	6	-185.501	486.219391304348	378.610695652174
531	1	445.98	451.19	444.874	NA	NA	NA	NA	100	100	1	1	2	-220.99	548.23	445.105
531	2	418.201	428.622	415.989	0.906	0	0	0	49	51	0.968	0.986	4	-205.101	520.84029787234	415.52114893617
531	3	422.084	437.715	418.765	0.671	0.8321	0.8409	1	19	51	0.515	0.976	6	-205.042	525.301391304348	417.692695652174
548	1	441.396	446.606	440.29	NA	NA	NA	NA	100	100	1	1	2	-218.698	543.646	440.521
548	2	407.244	417.665	405.032	0.929	0	0	0	48	52	0.975	0.989	4	-199.622	509.88229787234	404.56314893617
548	3	407.013	422.644	403.695	0.803	0.1257	0.1543	0.1395	17	50	0.734	0.987	6	-197.507	510.231391304348	402.622695652174
571	1	443.727	448.938	442.621	NA	NA	NA	NA	100	100	1	1	2	-219.864	545.978	442.853
571	2	425.861	436.281	423.648	0.848	0.001	0.0018	0	49	51	0.949	0.973	4	-208.93	528.49829787234	423.17914893617
571	3	422.333	437.964	419.015	0.832	0.0285	0.0405	0.0404	15	47	0.766	0.984	6	-205.167	525.551391304348	417.942695652174
612	1	920.51	927.918	921.575	NA	NA	NA	NA	300	300	1	1	2	-458.255	1222.59108108108	919.550540540541
612	2	923.072	937.887	925.201	0.33	0.4965	0.5262	1	86	214	0.59	0.878	4	-457.536	1225.27608163265	920.174040816327
612	3	925.891	948.114	929.086	0.545	0.4493	0.4737	1	15	164	0.478	0.818	6	-456.946	1228.27556164384	921.083780821918
629	1	868.525	875.932	869.59	NA	NA	NA	NA	300	300	1	1	2	-432.262	1170.60508108108	867.564540540541
629	2	865.198	880.013	867.328	0.736	0.022	0.0284	0	25	275	0.57	0.975	4	-428.599	1167.40208163265	862.300040816326
629	3	868.136	890.359	871.33	0.698	0.6275	0.6473	1	8	267	0.242	0.969	6	-428.068	1170.51956164384	863.327780821918
656	1	902.385	909.792	903.449	NA	NA	NA	NA	300	300	1	1	2	-449.192	1204.46508108108	901.424540540541
656	2	904.987	919.803	907.117	0.956	0.2235	0.2418	1	2	298	0.391	0.998	4	-448.494	1207.19208163265	902.090040816327
656	3	907.502	929.725	910.696	0.608	0.7726	0.7882	1	4	174	0.643	0.835	6	-447.751	1209.88556164384	902.693780821918
670	1	913.999	921.407	915.064	NA	NA	NA	NA	300	300	1	1	2	-455	1216.08108108108	913.040540540541
670	2	917.122	931.937	919.252	0.348	0.5799	0.6063	1	49	251	0.41	0.927	4	-454.561	1219.32608163265	914.224040816326
670	3	920.534	942.756	923.728	0.545	0.8776	0.887	1	17	169	0.52	0.825	6	-454.267	1222.91756164384	915.725780821918
678	1	948.094	955.501	949.159	NA	NA	NA	NA	300	300	1	1	2	-472.047	1250.17508108108	947.134540540541
678	2	950.716	965.531	952.845	0.323	0.6096	0.6355	1	127	173	0.721	0.816	4	-471.358	1252.92008163265	947.818040816327
678	3	952.462	974.685	955.656	0.633	0.0923	0.1056	0.6667	4	167	0.658	0.851	6	-470.231	1254.84556164384	947.653780821918
696	1	884.565	891.973	885.63	NA	NA	NA	NA	300	300	1	1	2	-440.283	1186.64708108108	883.606540540541
696	2	886.783	901.598	888.912	0.363	0.5066	0.5359	1	128	172	0.745	0.833	4	-439.391	1188.98608163265	883.884040816327
696	3	887.747	909.97	890.942	0.609	0.2488	0.2744	0.2857	20	182	0.511	0.874	6	-437.874	1190.13156164384	882.939780821918
713	1	1167.409	1174.816	1168.473	NA	NA	NA	NA	300	300	1	1	2	-581.704	1469.48908108108	1166.44854054054
713	2	1126.452	1141.267	1128.581	0.796	0	0	0	150	150	0.943	0.948	4	-559.226	1428.65608163265	1123.55404081633
713	3	1129.775	1151.997	1132.969	0.652	0.5338	0.5568	1	27	146	0.403	0.951	6	-558.887	1432.15756164384	1124.96578082192
728	1	1182.365	1189.772	1183.43	NA	NA	NA	NA	300	300	1	1	2	-589.182	1484.44508108108	1181.40454054054
728	2	1167.408	1182.223	1169.537	0.662	4e-04	8e-04	0	140	160	0.884	0.922	4	-579.704	1469.61208163265	1164.51004081633
728	3	1171.084	1193.307	1174.278	0.783	0.5373	0.5519	1	1	158	0.446	0.923	6	-579.542	1473.46756164384	1166.27578082192
746	1	1180.517	1187.925	1181.582	NA	NA	NA	NA	300	300	1	1	2	-588.259	1482.59908108108	1179.55854054054
746	2	1148.942	1163.757	1151.072	0.756	0	0	0	140	160	0.922	0.94	4	-570.471	1451.14608163265	1146.04404081633
746	3	1150.614	1172.837	1153.809	0.644	0.5025	0.5285	1	46	132	0.589	0.942	6	-569.307	1452.99756164384	1145.80578082192
766	1	1151.937	1159.344	1153.002	NA	NA	NA	NA	300	300	1	1	2	-573.968	1454.01708108108	1150.97654054054
766	2	1136.766	1151.581	1138.896	0.653	0.0025	0.0039	0	149	151	0.887	0.913	4	-564.383	1438.97008163265	1133.86804081633
766	3	1138.608	1160.831	1141.802	0.647	0.8064	0.8158	1	21	140	0.449	0.915	6	-563.304	1440.99156164384	1133.79978082192
784	1	1217.099	1224.507	1218.164	NA	NA	NA	NA	300	300	1	1	2	-606.55	1519.18108108108	1216.14054054054
784	2	1160.02	1174.835	1162.15	0.832	0	0	0	149	151	0.952	0.957	4	-576.01	1462.22408163265	1157.12204081633
784	3	1161.794	1184.017	1164.988	0.685	0.3565	0.3861	1	70	138	0.666	0.956	6	-574.897	1464.17756164384	1156.98578082192
801	1	1283.569	1290.976	1284.633	NA	NA	NA	NA	300	300	1	1	2	-639.784	1585.64908108108	1282.60854054054
801	2	1184.638	1199.453	1186.768	0.913	0	0	0	147	153	0.973	0.981	4	-588.319	1486.84208163265	1181.74004081633
801	3	1188.633	1210.856	1191.828	0.78	0.9584	0.959	1	0	153	0	0.982	6	-588.317	1491.01756164384	1183.82578082192
820	1	1318.389	1325.796	1319.453	NA	NA	NA	NA	300	300	1	1	2	-657.194	1620.46908108108	1317.42854054054
820	2	1215.249	1230.064	1217.378	0.921	0	0	0	149	151	0.975	0.985	4	-603.624	1517.45208163265	1212.35004081633
820	3	1218.941	1241.164	1222.135	0.834	0.6444	0.6613	1	3	150	0.113	0.984	6	-603.471	1521.32556164384	1214.13378082192
840	1	1290.005	1297.413	1291.07	NA	NA	NA	NA	300	300	1	1	2	-643.003	1592.08708108108	1289.04654054054
840	2	1189.201	1204.017	1191.331	0.92	0	0	0	148	152	0.977	0.985	4	-590.601	1491.40608163265	1186.30404081633
840	3	1191.418	1213.641	1194.612	0.723	0.3006	0.331	0.6667	35	148	0.473	0.987	6	-589.709	1493.80156164384	1186.60978082192
859	1	1305.306	1312.714	1306.371	NA	NA	NA	NA	300	300	1	1	2	-650.653	1607.38708108108	1304.34654054054
859	2	1213.967	1228.782	1216.096	0.907	0	0	0	144	156	0.975	0.976	4	-602.983	1516.17008163265	1211.06804081633
859	3	1217.51	1239.733	1220.704	0.879	0.5731	0.5887	1	1	155	0.069	0.977	6	-602.755	1519.89356164384	1212.70178082192
877	1	1312.004	1319.411	1313.068	NA	NA	NA	NA	300	300	1	1	2	-654.002	1614.08508108108	1311.04454054054
877	2	1221.699	1236.515	1223.829	0.905	0	0	0	148	152	0.977	0.977	4	-606.85	1523.90408163265	1218.80204081633
877	3	1222.924	1245.147	1226.119	0.914	0.0856	0.0994	0.3333	4	152	0.552	0.982	6	-605.462	1525.30756164384	1218.11578082192
896	1	1362.675	1370.082	1363.739	NA	NA	NA	NA	300	300	1	1	2	-679.337	1664.75508108108	1361.71454054054
896	2	1263.505	1278.32	1265.634	0.918	0	0	0	148	152	0.976	0.983	4	-627.752	1565.70808163265	1260.60604081633
896	3	1263.057	1285.28	1266.251	0.912	0.0438	0.0534	0.2	5	152	0.493	0.983	6	-625.529	1565.44156164384	1258.24978082192
914	1	104.653	108.031	101.772	NA	NA	NA	NA	40	40	1	1	2	-50.327	147.320666666667	103.987333333333
914	2	106.527	113.283	100.766	0.901	0.103	0.1261	0.3077	2	38	0.774	0.993	4	-49.264	150.292705882353	104.410352941176
914	3	108.562	118.695	99.92	0.746	0.4359	0.4845	0.6667	2	19	0.865	0.977	6	-48.281	154.062	105.312
930	1	101.576	104.954	98.696	NA	NA	NA	NA	40	40	1	1	2	-48.788	144.242666666667	100.909333333333
930	2	105.081	111.836	99.319	0.44	0.8407	0.861	1	14	26	0.728	0.896	4	-48.54	148.844705882353	102.962352941176
930	3	109.051	119.184	100.408	0.502	0.985	0.9854	1	7	22	0.603	0.817	6	-48.525	154.55	105.8
944	1	104.49	107.868	101.609	NA	NA	NA	NA	40	40	1	1	2	-50.245	147.156666666667	103.823333333333
944	2	107.575	114.33	101.813	0.534	0.6378	0.675	1	12	28	0.746	0.937	4	-49.787	151.338705882353	105.456352941176
944	3	106.872	117.006	98.23	0.853	0.2955	0.3406	0.3077	8	20	0.905	0.987	6	-47.436	152.372	103.622
958	1	108.076	111.454	105.196	NA	NA	NA	NA	40	40	1	1	2	-52.038	150.742666666667	107.409333333333
958	2	111.338	118.093	105.576	0.522	0.7936	0.8168	1	12	28	0.72	0.933	4	-51.669	155.102705882353	109.220352941176
958	3	106.993	117.126	98.351	0.927	0.0052	0.009	0.0128	4	26	0.91	0.997	6	-47.497	152.494	103.744
994	1	115.525	118.903	112.644	NA	NA	NA	NA	40	40	1	1	2	-55.763	158.192666666667	114.859333333333
994	2	118.734	125.49	112.973	0.59	0.8357	0.8531	1	11	29	0.749	0.94	4	-55.367	162.498705882353	116.616352941176
994	3	118.091	128.224	109.449	0.848	0.0645	0.0821	0.1667	2	28	0.815	0.968	6	-53.045	163.59	114.84
1017	1	148.133	151.511	145.252	NA	NA	NA	NA	40	40	1	1	2	-72.067	190.800666666667	147.467333333333
1017	2	140.893	147.648	135.131	0.896	0.0162	0.0264	0	20	20	0.965	0.988	4	-66.446	184.656705882353	138.774352941176
1017	3	142.958	153.091	134.315	0.794	0.3548	0.3932	0.6667	8	20	0.788	0.992	6	-65.479	188.458	139.708
1031	1	145.356	148.734	142.475	NA	NA	NA	NA	40	40	1	1	2	-70.678	188.022666666667	144.689333333333
1031	2	141.733	148.488	135.971	0.834	0.0391	0.0587	0.03	18	22	0.953	0.961	4	-66.866	185.496705882353	139.614352941176
1031	3	144.262	154.395	135.62	0.771	0.4456	0.4865	0.4286	6	18	0.739	0.944	6	-66.131	189.762	141.012
1060	1	146.086	149.464	143.205	NA	NA	NA	NA	40	40	1	1	2	-71.043	188.752666666667	145.419333333333
1060	2	129.859	136.614	124.097	0.944	4e-04	0.0011	0	19	21	0.977	0.993	4	-60.929	173.622705882353	127.740352941176
1060	3	133.11	143.244	124.468	0.84	0.8098	0.8262	1	4	18	0.648	0.973	6	-60.555	178.61	129.86
1071	1	148.707	152.085	145.826	NA	NA	NA	NA	40	40	1	1	2	-72.354	191.374666666667	148.041333333333
1071	2	133.645	140.4	127.883	0.958	6e-04	0.0014	0	20	20	0.987	0.997	4	-62.822	177.408705882353	131.526352941176
1071	3	134.375	144.508	125.732	0.854	0.1372	0.1722	0.1463	9	20	0.836	0.999	6	-61.187	179.874	131.124
1091	1	150.294	153.672	147.413	NA	NA	NA	NA	40	40	1	1	2	-73.147	192.960666666667	149.627333333333
1091	2	135.05	141.806	129.289	0.933	0.0027	0.0051	0	19	21	0.979	0.993	4	-63.525	178.814705882353	132.932352941176
1091	3	132.927	143.061	124.285	0.919	0.0554	0.0779	0	6	20	0.854	0.992	6	-60.464	178.428	129.678
1118	1	177.017	180.395	174.137	NA	NA	NA	NA	40	40	1	1	2	-86.509	219.684666666667	176.351333333333
1118	2	148.233	154.989	142.472	0.988	0.003	0.0057	0	20	20	0.996	1	4	-70.117	191.998705882353	146.116352941176
1118	3	143.863	153.996	135.221	0.957	0.0584	0.0764	0	3	20	0.801	1	6	-65.932	189.364	140.614
1135	1	174.884	178.261	172.003	NA	NA	NA	NA	40	40	1	1	2	-85.442	217.550666666667	174.217333333333
1135	2	143.021	149.777	137.26	0.995	0.0029	0.0054	0	20	20	0.999	1	4	-67.511	186.786705882353	140.904352941176
1135	3	141.893	152.027	133.251	0.977	0.1271	0.1495	0.04	2	20	0.942	1	6	-64.947	187.394	138.644
1175	1	171.699	175.077	168.818	NA	NA	NA	NA	40	40	1	1	2	-83.85	214.366666666667	171.033333333333
1175	2	136.518	143.274	130.756	0.999	0	0	0	20	20	1	1	4	-64.259	180.282705882353	134.400352941176
1175	3	138.249	148.382	129.607	0.883	0.4511	0.4857	0.5	8	20	0.899	1	6	-63.125	183.75	135
1190	1	168.688	172.066	165.807	NA	NA	NA	NA	40	40	1	1	2	-82.344	211.354666666667	168.021333333333
1190	2	140.253	147.009	134.491	0.981	0	0	0	19	21	0.991	1	4	-66.126	184.016705882353	138.134352941176
1190	3	143.444	153.577	134.802	0.925	0.4084	0.4415	1	1	21	0.461	0.998	6	-65.722	188.944	140.194
1207	1	215.794	221.005	214.688	NA	NA	NA	NA	100	100	1	1	2	-105.897	318.044	214.919
1207	2	218.921	229.342	216.709	0.462	0.5352	0.5663	1	18	82	0.523	0.923	4	-105.46	321.55829787234	216.23914893617
1207	3	222.734	238.365	219.416	0.521	0.9324	0.938	1	6	50	0.6	0.791	6	-105.367	325.951391304348	218.342695652174
1221	1	252.618	257.828	251.511	NA	NA	NA	NA	100	100	1	1	2	-124.309	354.868	251.743
1221	2	256.271	266.692	254.059	0.377	0.9243	0.9319	1	38	62	0.732	0.855	4	-124.136	358.91029787234	253.59114893617
1221	3	256.155	271.786	252.837	0.768	0.1304	0.1492	0.087	5	60	0.792	0.916	6	-122.078	359.373391304348	251.764695652174
1249	1	244.28	249.491	243.174	NA	NA	NA	NA	100	100	1	1	2	-120.14	346.53	243.405
1249	2	243.464	253.884	241.251	0.615	0.0657	0.0853	0.0923	21	79	0.68	0.952	4	-117.732	346.10229787234	240.78314893617
1249	3	245.039	260.67	241.721	0.687	0.4079	0.4478	0.3333	12	45	0.812	0.867	6	-116.52	348.257391304348	240.648695652174
1278	1	263.832	269.042	262.726	NA	NA	NA	NA	100	100	1	1	2	-129.916	366.082	262.957
1278	2	265.148	275.569	262.936	0.757	0.1093	0.1314	0.6667	5	95	0.432	0.991	4	-128.574	367.78629787234	262.46714893617
1278	3	268.003	283.634	264.685	0.621	0.6817	0.7158	0.6667	5	61	0.6	0.874	6	-128.002	371.221391304348	263.612695652174
1296	1	252.119	257.329	251.012	NA	NA	NA	NA	100	100	1	1	2	-124.059	354.368	251.243
1296	2	252.541	262.961	250.328	0.585	0.2364	0.276	0.25	38	62	0.845	0.907	4	-122.27	355.17829787234	249.85914893617
1296	3	256.105	271.736	252.786	0.705	0.4626	0.4818	1	1	62	0.317	0.939	6	-122.052	359.321391304348	251.712695652174
1309	1	362.44	367.651	361.334	NA	NA	NA	NA	100	100	1	1	2	-179.22	464.69	361.565
1309	2	353.908	364.329	351.696	0.765	0.0146	0.0216	0	50	50	0.935	0.94	4	-172.954	456.54629787234	351.22714893617
1309	3	351.608	367.239	348.29	0.803	0.0297	0.0413	0.0822	11	45	0.731	0.94	6	-169.804	454.825391304348	347.216695652174
1340	1	368.708	373.918	367.602	NA	NA	NA	NA	100	100	1	1	2	-182.354	470.958	367.833
1340	2	343.467	353.888	341.255	0.909	7e-04	0.0014	0	50	50	0.968	0.987	4	-167.734	446.10629787234	340.78714893617
1340	3	341.292	356.923	337.974	0.837	0.1147	0.1378	0.05	16	49	0.818	0.985	6	-164.646	444.509391304348	336.900695652174
1381	1	375.574	380.784	374.468	NA	NA	NA	NA	100	100	1	1	2	-185.787	477.824	374.699
1381	2	347.89	358.311	345.678	0.894	0	0	0	47	53	0.962	0.981	4	-169.945	450.52829787234	345.20914893617
1381	3	350.38	366.011	347.061	0.733	0.4708	0.5083	0.5	22	46	0.694	0.982	6	-169.19	453.597391304348	345.988695652174
1398	1	368.326	373.536	367.22	NA	NA	NA	NA	100	100	1	1	2	-182.163	470.576	367.451
1398	2	328.688	339.109	326.475	0.939	1e-04	1e-04	0	49	51	0.981	0.99	4	-160.344	431.32629787234	326.00714893617
1398	3	328.476	344.107	325.158	0.916	0.0816	0.1008	0.1395	3	49	0.617	0.99	6	-158.238	431.693391304348	324.084695652174
1429	1	438.254	443.465	437.148	NA	NA	NA	NA	100	100	1	1	2	-217.127	540.504	437.379
1429	2	339.453	349.874	337.241	1	0	0	0	50	50	1	1	4	-165.727	442.09229787234	336.77314893617
1429	3	340.829	356.46	337.51	0.81	0.243	0.2747	0.2667	20	50	0.76	1	6	-164.414	444.045391304348	336.436695652174
1449	1	429.496	434.706	428.39	NA	NA	NA	NA	100	100	1	1	2	-212.748	531.746	428.621
1449	2	365.153	375.574	362.941	0.973	0	0	0	50	50	0.986	1	4	-178.577	467.79229787234	362.47314893617
1449	3	367.865	383.496	364.547	0.833	0.469	0.5004	0.6	6	50	0.425	0.996	6	-177.932	471.081391304348	363.472695652174
1470	1	435.093	440.304	433.987	NA	NA	NA	NA	100	100	1	1	2	-215.547	537.344	434.219
1470	2	362.261	372.682	360.049	0.994	0	0	0	50	50	0.999	1	4	-177.131	464.90029787234	359.58114893617
1470	3	362.531	378.162	359.212	0.833	0.1431	0.1704	0.1579	20	50	0.786	1	6	-175.265	465.747391304348	358.138695652174
1496	1	435.503	440.713	434.397	NA	NA	NA	NA	100	100	1	1	2	-215.751	537.752	434.627
1496	2	342.23	352.65	340.017	0.987	0	0	0	50	50	0.991	1	4	-167.115	444.86829787234	339.54914893617
1496	3	339.965	355.596	336.646	0.891	0.0951	0.1173	0.087	9	50	0.709	1	6	-163.982	443.181391304348	335.572695652174
1530	1	786.567	793.974	787.631	NA	NA	NA	NA	300	300	1	1	2	-391.283	1088.64708108108	785.606540540541
1530	2	788.475	803.29	790.605	0.407	0.29	0.3186	1	55	245	0.492	0.927	4	-390.238	1090.68008163265	785.578040816327
1530	3	788.652	810.875	791.847	0.632	0.2725	0.3073	0.2083	32	178	0.697	0.882	6	-388.326	1091.03556164384	783.843780821918
1541	1	755.916	763.324	756.981	NA	NA	NA	NA	300	300	1	1	2	-375.958	1057.99708108108	754.956540540541
1541	2	752.429	767.244	754.558	0.574	0.0528	0.0662	0	51	249	0.597	0.945	4	-372.214	1054.63208163265	749.530040816327
1541	3	755.566	777.788	758.76	0.591	0.4364	0.4535	1	10	196	0.515	0.897	6	-371.783	1057.94956164384	750.757780821918
1563	1	783.164	790.572	784.229	NA	NA	NA	NA	300	300	1	1	2	-389.582	1085.24508108108	782.204540540541
1563	2	783.914	798.729	786.044	0.423	0.4439	0.4731	1	129	171	0.783	0.844	4	-387.957	1086.11808163265	781.016040816326
1563	3	784.223	806.446	787.417	0.658	0.3168	0.3393	0.2083	11	158	0.485	0.874	6	-386.111	1086.60556164384	779.413780821918
1579	1	762.298	769.706	763.363	NA	NA	NA	NA	300	300	1	1	2	-379.149	1064.37908108108	761.338540540541
1579	2	763.107	777.923	765.237	0.94	0.0555	0.066	1	4	296	0.528	0.996	4	-377.554	1065.31208163265	760.210040816326
1579	3	764.404	786.626	767.598	0.613	0.2758	0.3085	1	5	165	0.77	0.831	6	-376.202	1066.78756164384	759.595780821918
1594	1	797.623	805.031	798.688	NA	NA	NA	NA	300	300	1	1	2	-396.812	1099.70508108108	796.664540540541
1594	2	796.51	811.325	798.64	0.449	0.0555	0.0703	1	108	192	0.729	0.892	4	-394.255	1098.71408163265	793.612040816326
1594	3	796.747	818.97	799.942	0.619	0.2342	0.2683	0.3333	66	154	0.8	0.84	6	-392.374	1099.13156164384	791.939780821918
1606	1	1124.136	1131.543	1125.201	NA	NA	NA	NA	300	300	1	1	2	-560.068	1426.21708108108	1123.17654054054
1606	2	1046.782	1061.597	1048.912	0.878	0	0	0	139	161	0.961	0.971	4	-519.391	1348.98608163265	1043.88404081633
1606	3	1041.79	1064.013	1044.984	0.761	0.0133	0.0186	0.0128	58	131	0.759	0.968	6	-514.895	1344.17356164384	1036.98178082192
1627	1	1136.292	1143.7	1137.357	NA	NA	NA	NA	300	300	1	1	2	-566.146	1438.37308108108	1135.33254054054
1627	2	1025.619	1040.434	1027.749	0.935	0	0	0	150	150	0.98	0.988	4	-508.81	1327.82408163265	1022.72204081633
1627	3	1008.579	1030.802	1011.774	0.883	0	0	0	29	149	0.777	0.992	6	-498.29	1310.96356164384	1003.77178082192
1639	1	1135.301	1142.709	1136.366	NA	NA	NA	NA	300	300	1	1	2	-565.651	1437.38308108108	1134.34254054054
1639	2	1029.108	1043.923	1031.237	0.918	0	0	0	142	158	0.974	0.981	4	-510.554	1331.31208163265	1026.21004081633
1639	3	1023.753	1045.975	1026.947	0.809	0.2745	0.2958	0	29	137	0.601	0.975	6	-505.876	1326.13556164384	1018.94378082192
1658	1	1101.247	1108.655	1102.312	NA	NA	NA	NA	300	300	1	1	2	-548.624	1403.32908108108	1100.28854054054
1658	2	986.053	1000.868	988.183	0.922	0	0	0	148	152	0.976	0.982	4	-489.027	1288.25808163265	983.156040816326
1658	3	988.656	1010.878	991.85	0.823	0.3915	0.4233	1	17	147	0.393	0.978	6	-488.328	1291.03956164384	983.847780821918
1671	1	1128.678	1136.085	1129.742	NA	NA	NA	NA	300	300	1	1	2	-562.339	1430.75908108108	1127.71854054054
1671	2	1050.932	1065.747	1053.061	0.894	0	0	0	147	153	0.972	0.975	4	-521.466	1353.13608163265	1048.03404081633
1671	3	1038.597	1060.82	1041.791	0.833	2e-04	5e-04	0	35	142	0.724	0.982	6	-513.298	1340.97956164384	1033.78778082192
1678	1	1132.338	1139.745	1133.402	NA	NA	NA	NA	300	300	1	1	2	-564.169	1434.41908108108	1131.37854054054
1678	2	1037.72	1052.535	1039.849	0.915	0	0	0	146	154	0.976	0.98	4	-514.86	1339.92408163265	1034.82204081633
1678	3	1029.057	1051.28	1032.251	0.884	0.0024	0.0038	0	13	145	0.601	0.985	6	-508.529	1331.44156164384	1024.24978082192
1701	1	1270.863	1278.27	1271.927	NA	NA	NA	NA	300	300	1	1	2	-633.431	1572.94308108108	1269.90254054054
1701	2	1038.032	1052.847	1040.161	0.986	0	0	0	149	151	0.993	0.999	4	-515.016	1340.23608163265	1035.13404081633
1701	3	1040.912	1063.134	1044.106	0.895	0.3641	0.3861	0.6667	5	149	0.242	0.999	6	-514.456	1343.29556164384	1036.10378082192
1713	1	1312.212	1319.619	1313.276	NA	NA	NA	NA	300	300	1	1	2	-654.106	1614.29308108108	1311.25254054054
1713	2	1066.774	1081.589	1068.904	0.997	0	0	0	150	150	0.999	1	4	-529.387	1368.97808163265	1063.87604081633
1713	3	1052.487	1074.709	1055.681	0.979	0.0148	0.0194	0	4	150	0.66	1	6	-520.243	1354.86956164384	1047.67778082192
1733	1	1283.933	1291.34	1284.997	NA	NA	NA	NA	300	300	1	1	2	-639.966	1586.01308108108	1282.97254054054
1733	2	1038.659	1053.474	1040.789	0.99	0	0	0	148	152	0.997	0.998	4	-515.33	1340.86408163265	1035.76204081633
1733	3	1038.761	1060.984	1041.955	0.874	0.1597	0.1775	0.1304	14	148	0.448	0.998	6	-513.381	1341.14556164384	1033.95378082192
1760	1	1292.822	1300.23	1293.887	NA	NA	NA	NA	300	300	1	1	2	-644.411	1594.90308108108	1291.86254054054
1760	2	1071.174	1085.99	1073.304	0.986	0	0	0	148	152	0.996	0.998	4	-531.587	1373.37808163265	1068.27604081633
1760	3	1059.709	1081.932	1062.904	0.908	0.002	0.0031	0	20	148	0.705	0.999	6	-523.855	1362.09356164384	1054.90178082192
1772	1	1279.428	1286.836	1280.493	NA	NA	NA	NA	300	300	1	1	2	-637.714	1581.50908108108	1278.46854054054
1772	2	1036.358	1051.173	1038.488	0.989	0	0	0	149	151	0.994	0.999	4	-514.179	1338.56208163265	1033.46004081633
1772	3	1034.81	1057.032	1038.004	0.873	0.0616	0.0767	0.0952	12	148	0.398	0.997	6	-511.405	1337.19356164384	1030.00178082192
1801	1	128.753	132.13	125.872	NA	NA	NA	NA	40	40	1	1	2	-62.376	171.418666666667	128.085333333333
1801	2	125.762	132.517	120	0.784	0.0498	0.0745	0.04	15	25	0.854	0.994	4	-58.881	169.526705882353	123.644352941176
1801	3	128.312	138.445	119.67	0.887	0.6779	0.7032	1	8	17	0.914	0.993	6	-58.156	173.812	125.062
1833	1	130.902	134.28	128.022	NA	NA	NA	NA	40	40	1	1	2	-63.451	173.568666666667	130.235333333333
1833	2	128.318	135.074	122.557	0.826	0.0406	0.0601	0.05	12	28	0.936	0.979	4	-60.159	172.082705882353	126.200352941176
1833	3	130.227	140.36	121.584	0.854	0.5956	0.6328	1	11	17	0.882	0.999	6	-59.113	175.726	126.976
1857	1	118.478	121.856	115.598	NA	NA	NA	NA	40	40	1	1	2	-57.239	161.144666666667	117.811333333333
1857	2	122.043	128.798	116.281	0.406	0.7345	0.7586	1	9	31	0.565	0.94	4	-57.021	165.806705882353	119.924352941176
1857	3	123.179	133.312	114.537	0.924	0.745	0.7744	0.2857	9	16	0.957	0.997	6	-55.59	168.68	119.93
1868	1	124.473	127.851	121.592	NA	NA	NA	NA	40	40	1	1	2	-60.237	167.140666666667	123.807333333333
1868	2	125.003	131.759	119.242	0.757	0.2309	0.2723	0.2083	12	28	0.937	0.939	4	-58.502	168.768705882353	122.886352941176
1868	3	125.102	135.236	116.46	0.894	0.5764	0.6158	0.1714	12	16	0.931	1	6	-56.551	170.602	121.852
1891	1	130.956	134.334	128.075	NA	NA	NA	NA	40	40	1	1	2	-63.478	173.622666666667	130.289333333333
1891	2	130.483	137.239	124.722	0.755	0.1653	0.2081	0.2	17	23	0.922	0.968	4	-61.242	174.248705882353	128.366352941176
1891	3	132.702	142.835	124.059	0.809	0.3386	0.378	0.5	11	17	0.845	0.996	6	-60.351	178.202	129.452
1900	1	139.194	142.571	136.313	NA	NA	NA	NA	40	40	1	1	2	-67.597	181.860666666667	138.527333333333
1900	2	127.532	134.288	121.77	0.91	7e-04	0.0019	0	18	22	0.945	0.999	4	-59.766	171.296705882353	125.414352941176
1900	3	131.279	141.413	122.637	0.846	0.5467	0.58	1	4	18	0.778	0.979	6	-59.64	176.78	128.03
1915	1	147.654	151.032	144.773	NA	NA	NA	NA	40	40	1	1	2	-71.827	190.320666666667	146.987333333333
1915	2	144.964	151.72	139.203	0.719	0.0639	0.0883	0.05	15	25	0.792	0.99	4	-68.482	188.728705882353	142.846352941176
1915	3	140.943	151.076	132.3	0.856	0.0259	0.0362	0.02	9	16	0.806	0.998	6	-64.471	186.442	137.692
1958	1	139.194	142.571	136.313	NA	NA	NA	NA	40	40	1	1	2	-67.597	181.860666666667	138.527333333333
1958	2	127.532	134.288	121.77	0.91	7e-04	0.0019	0	18	22	0.945	0.999	4	-59.766	171.296705882353	125.414352941176
1958	3	131.279	141.413	122.637	0.846	0.5467	0.58	1	4	18	0.778	0.979	6	-59.64	176.78	128.03
1976	1	139.194	142.571	136.313	NA	NA	NA	NA	40	40	1	1	2	-67.597	181.860666666667	138.527333333333
1976	2	127.532	134.288	121.77	0.91	7e-04	0.0019	0	18	22	0.945	0.999	4	-59.766	171.296705882353	125.414352941176
1976	3	131.279	141.413	122.637	0.846	0.5467	0.58	1	4	18	0.778	0.979	6	-59.64	176.78	128.03
1995	1	139.194	142.571	136.313	NA	NA	NA	NA	40	40	1	1	2	-67.597	181.860666666667	138.527333333333
1995	2	127.532	134.288	121.77	0.91	7e-04	0.0019	0	18	22	0.945	0.999	4	-59.766	171.296705882353	125.414352941176
1995	3	131.279	141.413	122.637	0.846	0.5467	0.58	1	4	18	0.778	0.979	6	-59.64	176.78	128.03
2010	1	125.449	128.826	122.568	NA	NA	NA	NA	40	40	1	1	2	-60.724	168.114666666667	124.781333333333
2010	2	125.33	132.086	119.569	0.774	0.1587	0.1964	0.2	12	28	0.939	0.95	4	-58.665	169.094705882353	123.212352941176
2010	3	125.808	135.941	117.166	0.896	0.6105	0.6479	0.1765	12	15	0.932	1	6	-56.904	171.308	122.558
2023	1	130.956	134.334	128.075	NA	NA	NA	NA	40	40	1	1	2	-63.478	173.622666666667	130.289333333333
2023	2	130.483	137.239	124.722	0.755	0.1653	0.2081	0.2	17	23	0.922	0.968	4	-61.242	174.248705882353	128.366352941176
2023	3	132.702	142.835	124.059	0.809	0.3386	0.378	0.5	11	17	0.845	0.996	6	-60.351	178.202	129.452
2037	1	147.654	151.032	144.773	NA	NA	NA	NA	40	40	1	1	2	-71.827	190.320666666667	146.987333333333
2037	2	144.964	151.72	139.203	0.719	0.0639	0.0883	0.05	15	25	0.792	0.99	4	-68.482	188.728705882353	142.846352941176
2037	3	140.943	151.076	132.3	0.856	0.0259	0.0362	0.02	9	16	0.806	0.998	6	-64.471	186.442	137.692
2082	1	125.449	128.826	122.568	NA	NA	NA	NA	40	40	1	1	2	-60.724	168.114666666667	124.781333333333
2082	2	125.33	132.086	119.569	0.774	0.1587	0.1964	0.2	12	28	0.939	0.95	4	-58.665	169.094705882353	123.212352941176
2082	3	125.808	135.941	117.166	0.896	0.6105	0.6479	0.1765	12	15	0.932	1	6	-56.904	171.308	122.558
2107	1	297.128	302.338	296.021	NA	NA	NA	NA	100	100	1	1	2	-146.564	399.378	296.253
2107	2	296.296	306.716	294.083	0.58	0.0995	0.1248	0.0882	21	79	0.592	0.985	4	-144.148	398.93429787234	293.61514893617
2107	3	296.551	312.182	293.232	0.864	0.4495	0.4751	0.2143	21	50	0.905	0.992	6	-142.275	399.767391304348	292.158695652174
2134	1	252.96	258.17	251.853	NA	NA	NA	NA	100	100	1	1	2	-124.48	355.21	252.085
2134	2	256.637	267.058	254.425	0.858	0.5694	0.5878	1	2	98	0.341	0.991	4	-124.319	359.27629787234	253.95714893617
2134	3	234.548	250.179	231.229	0.992	0.37	0.3984	0	14	48	0.997	1	6	-111.274	337.765391304348	230.156695652174
2140	1	267.747	272.958	266.641	NA	NA	NA	NA	100	100	1	1	2	-131.874	369.998	266.873
2140	2	271.7	282.121	269.488	0.154	0.9457	0.9497	1	29	71	0.47	0.867	4	-131.85	374.33829787234	269.01914893617
2140	3	250.509	266.14	247.191	0.991	0.381	0.4094	0	26	45	0.997	1	6	-119.255	353.727391304348	246.118695652174
2147	1	252.96	258.17	251.853	NA	NA	NA	NA	100	100	1	1	2	-124.48	355.21	252.085
2147	2	256.637	267.058	254.425	0.858	0.5694	0.5878	1	2	98	0.341	0.991	4	-124.319	359.27629787234	253.95714893617
2147	3	234.548	250.179	231.229	0.992	0.37	0.3984	0	14	48	0.997	1	6	-111.274	337.765391304348	230.156695652174
2159	1	284.484	289.694	283.378	NA	NA	NA	NA	100	100	1	1	2	-140.242	386.734	283.609
2159	2	287.927	298.347	285.714	0.339	0.6654	0.691	1	24	76	0.545	0.921	4	-139.963	390.56429787234	285.24514893617
2159	3	281.17	296.801	277.852	0.955	0.4518	0.4825	0	24	40	0.978	0.999	6	-134.585	384.387391304348	276.778695652174
2170	1	267.747	272.958	266.641	NA	NA	NA	NA	100	100	1	1	2	-131.874	369.998	266.873
2170	2	271.7	282.121	269.488	0.154	0.9457	0.9497	1	29	71	0.47	0.867	4	-131.85	374.33829787234	269.01914893617
2170	3	250.509	266.14	247.191	0.991	0.381	0.4094	0	26	45	0.997	1	6	-119.255	353.727391304348	246.118695652174
2177	1	252.96	258.17	251.853	NA	NA	NA	NA	100	100	1	1	2	-124.48	355.21	252.085
2177	2	256.637	267.058	254.425	0.858	0.5694	0.5878	1	2	98	0.341	0.991	4	-124.319	359.27629787234	253.95714893617
2177	3	234.548	250.179	231.229	0.992	0.37	0.3984	0	14	48	0.997	1	6	-111.274	337.765391304348	230.156695652174
2190	1	331.297	336.507	330.19	NA	NA	NA	NA	100	100	1	1	2	-163.648	433.546	330.421
2190	2	315.497	325.918	313.285	0.797	1e-04	2e-04	0	39	61	0.82	0.996	4	-153.749	418.13629787234	312.81714893617
2190	3	317.954	333.585	314.636	0.786	0.2184	0.2436	0.6667	17	44	0.791	0.968	6	-152.977	421.171391304348	313.562695652174
2203	1	284.484	289.694	283.378	NA	NA	NA	NA	100	100	1	1	2	-140.242	386.734	283.609
2203	2	287.927	298.347	285.714	0.339	0.6654	0.691	1	24	76	0.545	0.921	4	-139.963	390.56429787234	285.24514893617
2203	3	281.17	296.801	277.852	0.955	0.4518	0.4825	0	24	40	0.978	0.999	6	-134.585	384.387391304348	276.778695652174
2217	1	296.735	301.946	295.629	NA	NA	NA	NA	100	100	1	1	2	-146.368	398.986	295.861
2217	2	296.651	307.071	294.438	0.566	0.1269	0.1579	0.2143	30	70	0.717	0.968	4	-144.325	399.28829787234	293.96914893617
2217	3	292.515	308.146	289.196	0.94	0.4588	0.487	0	30	38	0.967	0.998	6	-140.257	395.731391304348	288.122695652174
2237	1	324.05	329.261	322.944	NA	NA	NA	NA	100	100	1	1	2	-160.025	426.3	323.175
2237	2	322.745	333.166	320.533	0.65	0.0338	0.0466	0.0779	23	77	0.78	0.955	4	-157.373	425.38429787234	320.06514893617
2237	3	316.803	332.434	313.484	0.803	0.0084	0.013	0	23	44	0.8	0.996	6	-152.401	420.019391304348	312.410695652174
2267	1	284.484	289.694	283.378	NA	NA	NA	NA	100	100	1	1	2	-140.242	386.734	283.609
2267	2	287.927	298.347	285.714	0.339	0.6654	0.691	1	24	76	0.545	0.921	4	-139.963	390.56429787234	285.24514893617
2267	3	281.17	296.801	277.852	0.955	0.4518	0.4825	0	24	40	0.978	0.999	6	-134.585	384.387391304348	276.778695652174
2275	1	294.32	299.53	293.213	NA	NA	NA	NA	100	100	1	1	2	-145.16	396.57	293.445
2275	2	298.008	308.429	295.796	0.263	0.8012	0.8181	1	31	69	0.569	0.887	4	-145.004	400.64629787234	295.32714893617
2275	3	294.487	310.118	291.169	0.907	0.4555	0.4895	0.0404	28	41	0.946	0.998	6	-141.244	397.705391304348	290.096695652174
2305	1	331.297	336.507	330.19	NA	NA	NA	NA	100	100	1	1	2	-163.648	433.546	330.421
2305	2	315.497	325.918	313.285	0.797	1e-04	2e-04	0	39	61	0.82	0.996	4	-153.749	418.13629787234	312.81714893617
2305	3	317.954	333.585	314.636	0.786	0.2184	0.2436	0.6667	17	44	0.791	0.968	6	-152.977	421.171391304348	313.562695652174
2310	1	331.297	336.507	330.19	NA	NA	NA	NA	100	100	1	1	2	-163.648	433.546	330.421
2310	2	315.497	325.918	313.285	0.797	1e-04	2e-04	0	39	61	0.82	0.996	4	-153.749	418.13629787234	312.81714893617
2310	3	317.954	333.585	314.636	0.786	0.2184	0.2436	0.6667	17	44	0.791	0.968	6	-152.977	421.171391304348	313.562695652174
2320	1	330.471	335.682	329.365	NA	NA	NA	NA	100	100	1	1	2	-163.236	432.722	329.597
2320	2	326.32	336.74	324.107	0.693	0.0548	0.0722	0.0303	41	59	0.892	0.955	4	-159.16	428.95829787234	323.63914893617
2320	3	320.993	336.624	317.675	0.808	0.0065	0.0099	0.02	29	41	0.817	0.997	6	-154.497	424.211391304348	316.602695652174
2362	1	324.05	329.261	322.944	NA	NA	NA	NA	100	100	1	1	2	-160.025	426.3	323.175
2362	2	322.745	333.166	320.533	0.65	0.0338	0.0466	0.0779	23	77	0.78	0.955	4	-157.373	425.38429787234	320.06514893617
2362	3	316.803	332.434	313.484	0.803	0.0084	0.013	0	23	44	0.8	0.996	6	-152.401	420.019391304348	312.410695652174
2396	1	331.297	336.507	330.19	NA	NA	NA	NA	100	100	1	1	2	-163.648	433.546	330.421
2396	2	315.497	325.918	313.285	0.797	1e-04	2e-04	0	39	61	0.82	0.996	4	-153.749	418.13629787234	312.81714893617
2396	3	317.954	333.585	314.636	0.786	0.2184	0.2436	0.6667	17	44	0.791	0.968	6	-152.977	421.171391304348	313.562695652174
2403	1	783.932	791.34	784.997	NA	NA	NA	NA	300	300	1	1	2	-389.966	1086.01308108108	782.972540540541
2403	2	782.552	797.368	784.682	0.433	0.0662	0.0835	1	84	216	0.578	0.968	4	-387.276	1084.75608163265	779.654040816327
2403	3	654.549	676.772	657.743	0.999	0.1282	0.1449	0	84	120	1	1	6	-321.274	956.931561643836	649.739780821918
2415	1	812.936	820.344	814.001	NA	NA	NA	NA	300	300	1	1	2	-404.468	1115.01708108108	811.976540540541
2415	2	812.835	827.65	814.964	0.539	0.0686	0.0834	1	68	232	0.716	0.904	4	-402.417	1115.03808163265	809.936040816326
2415	3	759.305	781.527	762.499	0.983	0.1174	0.1343	0	68	128	0.994	1	6	-373.652	1061.68756164384	754.495780821918
2424	1	775.978	783.386	777.043	NA	NA	NA	NA	300	300	1	1	2	-385.989	1078.05908108108	775.01854054054
2424	2	779.898	794.713	782.028	0.727	0.8204	0.8282	1	0	300	0	1	4	-385.949	1082.10208163265	777.000040816327
2424	3	705.789	728.012	708.983	0.991	0.1053	0.1212	0	60	144	0.997	1	6	-346.894	1008.17156164384	700.979780821918
2439	1	812.936	820.344	814.001	NA	NA	NA	NA	300	300	1	1	2	-404.468	1115.01708108108	811.976540540541
2439	2	812.835	827.65	814.964	0.539	0.0686	0.0834	1	68	232	0.716	0.904	4	-402.417	1115.03808163265	809.936040816326
2439	3	759.305	781.527	762.499	0.983	0.1174	0.1343	0	68	128	0.994	1	6	-373.652	1061.68756164384	754.495780821918
2458	1	962.236	969.644	963.301	NA	NA	NA	NA	300	300	1	1	2	-479.118	1264.31708108108	961.276540540541
2458	2	900.135	914.95	902.265	0.815	0	0	0	130	170	0.868	0.996	4	-446.068	1202.34008163265	897.238040816326
2458	3	898.018	920.241	901.212	0.847	0.1707	0.1894	0.051	50	130	0.864	0.984	6	-443.009	1200.40156164384	893.209780821918
2499	1	824.362	831.769	825.427	NA	NA	NA	NA	300	300	1	1	2	-410.181	1126.44308108108	823.40254054054
2499	2	823.08	837.895	825.209	0.445	0.0869	0.1053	1	56	244	0.466	0.98	4	-407.54	1125.28408163265	820.182040816327
2499	3	793.229	815.452	796.424	0.961	0.1356	0.1527	0	56	138	0.981	0.999	6	-390.615	1095.61356164384	788.421780821918
2516	1	856.358	863.766	857.423	NA	NA	NA	NA	300	300	1	1	2	-426.179	1158.43908108108	855.39854054054
2516	2	848.824	863.639	850.953	0.56	0.0026	0.0043	0	96	204	0.733	0.966	4	-420.412	1151.02808163265	845.926040816326
2516	3	807.652	829.875	810.846	0.974	0.1239	0.1407	0	96	103	0.988	0.999	6	-397.826	1110.03556164384	802.843780821918
2530	1	962.236	969.644	963.301	NA	NA	NA	NA	300	300	1	1	2	-479.118	1264.31708108108	961.276540540541
2530	2	900.135	914.95	902.265	0.815	0	0	0	130	170	0.868	0.996	4	-446.068	1202.34008163265	897.238040816326
2530	3	898.018	920.241	901.212	0.847	0.1707	0.1894	0.051	50	130	0.864	0.984	6	-443.009	1200.40156164384	893.209780821918
2564	1	962.236	969.644	963.301	NA	NA	NA	NA	300	300	1	1	2	-479.118	1264.31708108108	961.276540540541
2564	2	900.135	914.95	902.265	0.815	0	0	0	130	170	0.868	0.996	4	-446.068	1202.34008163265	897.238040816326
2564	3	898.018	920.241	901.212	0.847	0.1707	0.1894	0.051	50	130	0.864	0.984	6	-443.009	1200.40156164384	893.209780821918
2600	1	962.236	969.644	963.301	NA	NA	NA	NA	300	300	1	1	2	-479.118	1264.31708108108	961.276540540541
2600	2	900.135	914.95	902.265	0.815	0	0	0	130	170	0.868	0.996	4	-446.068	1202.34008163265	897.238040816326
2600	3	898.018	920.241	901.212	0.847	0.1707	0.1894	0.051	50	130	0.864	0.984	6	-443.009	1200.40156164384	893.209780821918
2638	1	962.236	969.644	963.301	NA	NA	NA	NA	300	300	1	1	2	-479.118	1264.31708108108	961.276540540541
2638	2	900.135	914.95	902.265	0.815	0	0	0	130	170	0.868	0.996	4	-446.068	1202.34008163265	897.238040816326
2638	3	898.018	920.241	901.212	0.847	0.1707	0.1894	0.051	50	130	0.864	0.984	6	-443.009	1200.40156164384	893.209780821918
2673	1	824.362	831.769	825.427	NA	NA	NA	NA	300	300	1	1	2	-410.181	1126.44308108108	823.40254054054
2673	2	823.08	837.895	825.209	0.445	0.0869	0.1053	1	56	244	0.466	0.98	4	-407.54	1125.28408163265	820.182040816327
2673	3	793.229	815.452	796.424	0.961	0.1356	0.1527	0	56	138	0.981	0.999	6	-390.615	1095.61356164384	788.421780821918
2683	1	824.362	831.769	825.427	NA	NA	NA	NA	300	300	1	1	2	-410.181	1126.44308108108	823.40254054054
2683	2	823.08	837.895	825.209	0.445	0.0869	0.1053	1	56	244	0.466	0.98	4	-407.54	1125.28408163265	820.182040816327
2683	3	793.229	815.452	796.424	0.961	0.1356	0.1527	0	56	138	0.981	0.999	6	-390.615	1095.61356164384	788.421780821918
2690	1	812.936	820.344	814.001	NA	NA	NA	NA	300	300	1	1	2	-404.468	1115.01708108108	811.976540540541
2690	2	812.835	827.65	814.964	0.539	0.0686	0.0834	1	68	232	0.716	0.904	4	-402.417	1115.03808163265	809.936040816326
2690	3	759.305	781.527	762.499	0.983	0.1174	0.1343	0	68	128	0.994	1	6	-373.652	1061.68756164384	754.495780821918
