1	1	116.878	120.255	113.997	NA	NA	NA	NA	40	40	1	1	2	-56.439	159.544666666667	116.211333333333
1	2	120.534	127.289	114.772	0.424	0.752	0.7727	1	6	34	0.439	0.958	4	-56.267	164.298705882353	118.416352941176
1	3	119.401	129.535	110.759	0.889	0.3829	0.4237	0.2273	5	22	0.934	0.965	6	-53.701	164.902	116.152
27	1	111.051	114.429	108.17	NA	NA	NA	NA	40	40	1	1	2	-53.526	153.718666666667	110.385333333333
27	2	113.61	120.366	107.849	0.793	0.3787	0.4112	0.5	4	36	0.731	0.979	4	-52.805	157.374705882353	111.492352941176
27	3	113.383	123.517	104.741	0.897	0.0854	0.1138	0.1818	4	29	0.926	0.987	6	-50.692	158.884	110.134
52	1	126.29	129.668	123.409	NA	NA	NA	NA	40	40	1	1	2	-61.145	168.956666666667	125.623333333333
52	2	130.187	136.943	124.426	0.716	0.7628	0.773	1	1	39	0.214	0.99	4	-61.094	173.952705882353	128.070352941176
52	3	133.489	143.622	124.846	0.678	0.8971	0.9116	1	3	31	0.571	0.966	6	-60.744	178.988	130.238
62	1	129.517	132.895	126.636	NA	NA	NA	NA	40	40	1	1	2	-62.759	172.184666666667	128.851333333333
62	2	133.128	139.884	127.367	0.584	0.7242	0.7409	1	4	36	0.424	0.954	4	-62.564	176.892705882353	131.010352941176
62	3	135.811	145.944	127.169	0.792	0.8592	0.8739	1	8	20	0.896	0.959	6	-61.905	181.31	132.56
76	1	123.296	126.674	120.415	NA	NA	NA	NA	40	40	1	1	2	-59.648	165.962666666667	122.629333333333
76	2	126.819	133.575	121.058	0.385	0.7829	0.8061	1	18	22	0.765	0.825	4	-59.41	170.584705882353	124.702352941176
76	3	129.514	139.648	120.872	0.678	0.4064	0.4405	0.6667	3	25	0.599	0.918	6	-58.757	175.014	126.264
92	1	123.81	127.188	120.929	NA	NA	NA	NA	40	40	1	1	2	-59.905	166.476666666667	123.143333333333
92	2	123.503	130.259	117.741	0.761	0.1923	0.2338	0.2	14	26	0.909	0.943	4	-57.751	167.266705882353	121.384352941176
92	3	124.858	134.991	116.216	0.792	0.3054	0.3479	0.2	6	21	0.806	0.954	6	-56.429	170.358	121.608
118	1	166.726	170.104	163.845	NA	NA	NA	NA	40	40	1	1	2	-81.363	209.392666666667	166.059333333333
118	2	167.629	174.385	161.868	0.683	0.3408	0.3979	0.2857	20	20	0.88	0.951	4	-79.815	211.394705882353	165.512352941176
118	3	171.267	181.4	162.624	0.659	0.8386	0.8483	1	8	20	0.728	0.967	6	-79.633	216.766	168.016
135	1	152.341	155.718	149.46	NA	NA	NA	NA	40	40	1	1	2	-74.17	195.006666666667	151.673333333333
135	2	150.156	156.911	144.394	0.774	0.0553	0.0796	0.0674	19	21	0.922	0.946	4	-71.078	193.920705882353	148.038352941176
135	3	152.831	162.964	144.189	0.752	0.6006	0.6397	1	10	17	0.816	0.973	6	-70.415	198.33	149.58
157	1	158.039	161.417	155.158	NA	NA	NA	NA	40	40	1	1	2	-77.019	200.704666666667	157.371333333333
157	2	157.597	164.352	151.835	0.769	0.2389	0.288	0.2	20	20	0.917	0.969	4	-74.798	201.360705882353	155.478352941176
157	3	160.449	170.583	151.807	0.804	0.434	0.4642	1	2	20	0.528	0.967	6	-74.225	205.95	157.2
164	1	140.144	143.522	137.263	NA	NA	NA	NA	40	40	1	1	2	-68.072	182.810666666667	139.477333333333
164	2	137.869	144.624	132.107	0.798	0.1076	0.1414	0.0652	17	23	0.926	0.961	4	-64.934	181.632705882353	135.750352941176
164	3	139.352	149.485	130.709	0.833	0.2021	0.2357	0.4286	3	21	0.665	0.974	6	-63.676	184.852	136.102
195	1	164.92	168.297	162.039	NA	NA	NA	NA	40	40	1	1	2	-80.46	207.586666666667	164.253333333333
195	2	165.301	172.057	159.54	0.646	0.2134	0.2577	0.2083	20	20	0.875	0.89	4	-78.651	209.066705882353	163.184352941176
195	3	164.207	174.34	155.564	0.854	0.1072	0.1389	0.1395	7	18	0.826	0.985	6	-76.103	209.706	160.956
221	1	189.765	193.143	186.884	NA	NA	NA	NA	40	40	1	1	2	-92.882	232.430666666667	189.097333333333
221	2	184.278	191.034	178.516	0.873	0.0128	0.0226	0.0128	20	20	0.951	0.981	4	-88.139	228.042705882353	182.160352941176
221	3	187.827	197.961	179.185	0.774	0.734	0.7533	0.6667	4	18	0.632	0.948	6	-87.914	233.328	184.578
241	1	175.611	178.988	172.73	NA	NA	NA	NA	40	40	1	1	2	-85.805	218.276666666667	174.943333333333
241	2	157.375	164.131	151.614	0.971	1e-04	2e-04	0	20	20	0.984	1	4	-74.688	201.140705882353	155.258352941176
241	3	160.928	171.062	152.286	0.784	0.7042	0.7234	1	7	20	0.674	0.995	6	-74.464	206.428	157.678
249	1	176.497	179.874	173.616	NA	NA	NA	NA	40	40	1	1	2	-86.248	219.162666666667	175.829333333333
249	2	169.588	176.343	163.826	0.895	0.0454	0.0648	0	20	20	0.969	0.978	4	-80.794	213.352705882353	167.470352941176
249	3	171.109	181.242	162.467	0.926	0.1828	0.2139	0.3333	2	20	0.866	0.991	6	-79.554	216.608	167.858
262	1	183.504	186.882	180.624	NA	NA	NA	NA	40	40	1	1	2	-89.752	226.170666666667	182.837333333333
262	2	181.218	187.974	175.457	0.783	0.0776	0.108	0.0652	19	21	0.934	0.938	4	-86.609	224.982705882353	179.100352941176
262	3	184.768	194.901	176.126	0.663	0.8109	0.8241	1	7	17	0.658	0.934	6	-86.384	230.268	181.518
286	1	180.042	183.42	177.161	NA	NA	NA	NA	40	40	1	1	2	-88.021	222.708666666667	179.375333333333
286	2	169.656	176.412	163.895	0.912	0.0038	0.0074	0	19	21	0.967	0.985	4	-80.828	213.420705882353	167.538352941176
286	3	173.2	183.333	164.558	0.789	0.8184	0.8321	1	6	17	0.682	0.965	6	-80.6	218.7	169.95
301	1	311.432	316.642	310.326	NA	NA	NA	NA	100	100	1	1	2	-153.716	413.682	310.557
301	2	313.203	323.623	310.99	0.616	0.3288	0.3621	0.6667	17	83	0.652	0.953	4	-152.601	415.84029787234	310.52114893617
301	3	312.867	328.498	309.549	0.773	0.1583	0.1864	0.25	8	73	0.657	0.956	6	-150.434	416.085391304348	308.476695652174
319	1	300.38	305.591	299.274	NA	NA	NA	NA	100	100	1	1	2	-148.19	402.63	299.505
319	2	303.204	313.625	300.992	0.406	0.5743	0.6096	0.6667	49	51	0.799	0.826	4	-147.602	405.84229787234	300.52314893617
319	3	306.121	321.752	302.803	0.581	0.5768	0.6027	0.6667	15	55	0.697	0.832	6	-147.061	409.339391304348	301.730695652174
321	1	341.699	346.909	340.593	NA	NA	NA	NA	100	100	1	1	2	-168.85	443.95	340.825
321	2	343.213	353.634	341.001	0.489	0.242	0.2786	0.6667	38	62	0.797	0.865	4	-167.606	445.85029787234	340.53114893617
321	3	344.404	360.035	341.086	0.691	0.322	0.3638	0.2174	17	54	0.812	0.897	6	-166.202	447.621391304348	340.012695652174
339	1	316.735	321.945	315.629	NA	NA	NA	NA	100	100	1	1	2	-156.368	418.986	315.861
339	2	320.352	330.772	318.139	0.588	0.7198	0.735	1	5	95	0.258	0.983	4	-156.176	422.99029787234	317.67114893617
339	3	318.205	333.837	314.887	0.805	0.0545	0.071	0.1053	7	72	0.727	0.95	6	-153.103	421.423391304348	313.814695652174
373	1	318.115	323.326	317.009	NA	NA	NA	NA	100	100	1	1	2	-157.058	420.366	317.241
373	2	321.447	331.868	319.235	0.322	0.7252	0.7475	1	43	57	0.729	0.804	4	-156.724	424.08629787234	318.76714893617
373	3	320.073	335.704	316.755	0.76	0.0649	0.0847	0.087	11	61	0.783	0.946	6	-154.037	423.291391304348	315.682695652174
402	1	376.021	381.232	374.915	NA	NA	NA	NA	100	100	1	1	2	-186.011	478.272	375.147
402	2	368.429	378.85	366.217	0.752	0.0104	0.0162	0	45	55	0.926	0.937	4	-180.215	471.06829787234	365.74914893617
402	3	371.002	386.633	367.683	0.784	0.2547	0.2832	0.6667	4	52	0.542	0.95	6	-179.501	474.219391304348	366.610695652174
417	1	386.585	391.795	385.479	NA	NA	NA	NA	100	100	1	1	2	-191.292	488.834	385.709
417	2	380.47	390.891	378.258	0.683	0.0185	0.0274	0	50	50	0.88	0.921	4	-186.235	483.10829787234	377.78914893617
417	3	377.906	393.537	374.588	0.772	0.1462	0.1741	0.03	24	39	0.857	0.924	6	-182.953	481.123391304348	373.514695652174
444	1	403.482	408.692	402.376	NA	NA	NA	NA	100	100	1	1	2	-199.741	505.732	402.607
444	2	391.623	402.044	389.411	0.776	0.0045	0.0076	0	50	50	0.926	0.93	4	-191.812	494.26229787234	388.94314893617
444	3	394.692	410.323	391.373	0.702	0.7636	0.7796	0.6667	20	42	0.671	0.943	6	-191.346	497.909391304348	390.300695652174
456	1	396.903	402.114	395.797	NA	NA	NA	NA	100	100	1	1	2	-196.452	499.154	396.029
456	2	388.073	398.493	385.86	0.766	0.0046	0.008	0	45	55	0.922	0.94	4	-190.036	490.71029787234	385.39114893617
456	3	390.436	406.067	387.117	0.695	0.5397	0.5715	0.6667	19	41	0.719	0.94	6	-189.218	493.653391304348	386.044695652174
468	1	384.778	389.988	383.672	NA	NA	NA	NA	100	100	1	1	2	-190.389	487.028	383.903
468	2	373.318	383.738	371.105	0.791	0.0015	0.0028	0	45	55	0.929	0.958	4	-182.659	475.95629787234	370.63714893617
468	3	375.99	391.621	372.672	0.66	0.5802	0.6083	0.6667	25	43	0.735	0.961	6	-181.995	479.207391304348	371.598695652174
474	1	379.837	385.047	378.731	NA	NA	NA	NA	100	100	1	1	2	-187.918	482.086	378.961
474	2	376.822	387.243	374.61	0.69	0.0489	0.0683	0.0404	46	54	0.907	0.929	4	-184.411	479.46029787234	374.14114893617
474	3	379.314	394.945	375.995	0.71	0.7084	0.727	0.6667	17	42	0.767	0.946	6	-183.657	482.531391304348	374.922695652174
510	1	446.55	451.76	445.444	NA	NA	NA	NA	100	100	1	1	2	-221.275	548.8	445.675
510	2	410.813	421.234	408.601	0.933	0	0	0	50	50	0.98	0.985	4	-201.407	513.45229787234	408.13314893617
510	3	407.339	422.97	404.021	0.848	0.0195	0.0285	0	16	48	0.792	0.983	6	-197.67	510.557391304348	402.948695652174
526	1	442.936	448.146	441.83	NA	NA	NA	NA	100	100	1	1	2	-219.468	545.186	442.061
526	2	423.868	434.288	421.655	0.882	0.0012	0.0023	0	50	50	0.965	0.977	4	-207.934	526.50629787234	421.18714893617
526	3	426.843	442.474	423.525	0.825	0.578	0.5959	0.6	5	50	0.497	0.98	6	-207.422	530.061391304348	422.452695652174
543	1	444.392	449.602	443.286	NA	NA	NA	NA	100	100	1	1	2	-220.196	546.642	443.517
543	2	423.043	433.464	420.831	0.851	0	1e-04	0	46	54	0.95	0.967	4	-207.522	525.68229787234	420.36314893617
543	3	425.321	440.952	422.002	0.751	0.5982	0.6265	0.6667	16	45	0.623	0.948	6	-206.66	528.537391304348	420.928695652174
559	1	431.936	437.146	430.83	NA	NA	NA	NA	100	100	1	1	2	-213.968	534.186	431.061
559	2	394.693	405.113	392.48	0.951	1e-04	2e-04	0	48	52	0.983	0.995	4	-193.346	497.33029787234	392.01114893617
559	3	393.732	409.363	390.414	0.962	0.0228	0.0309	0.087	2	50	0.871	0.998	6	-190.866	496.949391304348	389.340695652174
587	1	450.515	455.726	449.409	NA	NA	NA	NA	100	100	1	1	2	-223.258	552.766	449.641
587	2	426.198	436.618	423.985	0.898	0	0	0	49	51	0.969	0.978	4	-209.099	528.83629787234	423.51714893617
587	3	429.733	445.364	426.415	0.788	0.5946	0.6173	0.6667	5	49	0.386	0.978	6	-208.867	532.951391304348	425.342695652174
589	1	451.92	457.13	450.813	NA	NA	NA	NA	100	100	1	1	2	-223.96	554.17	451.045
589	2	422.646	433.066	420.433	0.913	0	0	0	48	52	0.972	0.985	4	-207.323	525.28429787234	419.96514893617
589	3	425.574	441.205	422.256	0.754	0.5497	0.5783	1	12	46	0.582	0.976	6	-206.787	528.791391304348	421.182695652174
606	1	924.398	931.806	925.463	NA	NA	NA	NA	300	300	1	1	2	-460.199	1226.47908108108	923.438540540541
606	2	926.158	940.974	928.288	0.384	0.237	0.266	1	81	219	0.611	0.889	4	-459.079	1228.36208163265	923.260040816327
606	3	928.133	950.356	931.328	0.567	0.4205	0.4566	1	39	179	0.682	0.855	6	-458.067	1230.51756164384	923.325780821918
623	1	901.691	909.099	902.756	NA	NA	NA	NA	300	300	1	1	2	-448.846	1203.77308108108	900.732540540541
623	2	901.786	916.601	903.915	0.418	0.3108	0.338	1	133	167	0.803	0.823	4	-446.893	1203.99008163265	898.888040816326
623	3	895.211	917.434	898.406	0.729	0.0048	0.007	0.0128	20	153	0.706	0.902	6	-441.606	1197.59556164384	890.403780821918
671	1	909.579	916.987	910.644	NA	NA	NA	NA	300	300	1	1	2	-452.79	1211.66108108108	908.620540540541
671	2	908.282	923.097	910.412	0.487	0.1151	0.139	1	118	182	0.803	0.878	4	-450.141	1210.48608163265	905.384040816327
671	3	911.704	933.926	914.898	0.581	0.6221	0.636	1	11	165	0.372	0.895	6	-449.852	1214.08756164384	906.895780821918
673	1	956.537	963.944	957.602	NA	NA	NA	NA	300	300	1	1	2	-476.268	1258.61708108108	955.57654054054
673	2	958.665	973.48	960.795	0.403	0.5533	0.5803	1	83	217	0.63	0.896	4	-475.333	1260.87008163265	955.768040816327
673	3	959.461	981.684	962.655	0.683	0.0683	0.0804	0.6667	2	209	0.616	0.909	6	-473.73	1261.84356164384	954.651780821918
691	1	942.06	949.467	943.124	NA	NA	NA	NA	300	300	1	1	2	-469.03	1244.14108108108	941.10054054054
691	2	943.068	957.883	945.197	0.456	0.2855	0.3159	1	63	237	0.576	0.923	4	-467.534	1245.27208163265	940.170040816326
691	3	945.596	967.819	948.791	0.682	0.2624	0.2839	0.6667	2	223	0.544	0.918	6	-466.798	1247.97956164384	940.787780821918
706	1	1173.069	1180.477	1174.134	NA	NA	NA	NA	300	300	1	1	2	-584.535	1475.15108108108	1172.11054054054
706	2	1136.562	1151.377	1138.692	0.768	0	0	0	149	151	0.934	0.937	4	-564.281	1438.76608163265	1133.66404081633
706	3	1139.827	1162.05	1143.021	0.597	0.7878	0.8028	1	67	141	0.542	0.942	6	-563.914	1442.21156164384	1135.01978082192
708	1	1153.523	1160.931	1154.588	NA	NA	NA	NA	300	300	1	1	2	-574.761	1455.60308108108	1152.56254054054
708	2	1120.271	1135.086	1122.4	0.77	0	0	0	147	153	0.931	0.945	4	-556.135	1422.47408163265	1117.37204081633
708	3	1121.834	1144.057	1125.028	0.672	0.336	0.3619	1	56	139	0.709	0.955	6	-554.917	1424.21756164384	1117.02578082192
722	1	1159.309	1166.716	1160.373	NA	NA	NA	NA	300	300	1	1	2	-577.654	1461.38908108108	1158.34854054054
722	2	1150.088	1164.903	1152.217	0.603	0.0016	0.0028	0	136	164	0.866	0.895	4	-571.044	1452.29208163265	1147.19004081633
722	3	1154.088	1176.31	1157.282	0.714	0.5217	0.5217	1	0	165	0	0.898	6	-571.044	1456.47156164384	1149.27978082192
740	1	1180.639	1188.046	1181.703	NA	NA	NA	NA	300	300	1	1	2	-588.319	1482.71908108108	1179.67854054054
740	2	1153.47	1168.286	1155.6	0.717	0	0	0	148	152	0.909	0.929	4	-572.735	1455.67408163265	1150.57204081633
740	3	1155.235	1177.457	1158.429	0.633	0.3649	0.3975	1	84	125	0.685	0.921	6	-571.617	1457.61756164384	1150.42578082192
759	1	1179.926	1187.333	1180.99	NA	NA	NA	NA	300	300	1	1	2	-587.963	1482.00708108108	1178.96654054054
759	2	1156.318	1171.133	1158.447	0.702	0	0	0	141	159	0.905	0.921	4	-574.159	1458.52208163265	1153.42004081633
759	3	1159.484	1181.706	1162.678	0.579	0.6465	0.6717	1	73	138	0.58	0.917	6	-573.742	1461.86756164384	1154.67578082192
779	1	1143.616	1151.023	1144.68	NA	NA	NA	NA	300	300	1	1	2	-569.808	1445.69708108108	1142.65654054054
779	2	1125.032	1139.848	1127.162	0.654	0	0	0	148	152	0.888	0.908	4	-558.516	1427.23608163265	1122.13404081633
779	3	1122.793	1145.016	1125.988	0.675	0.0429	0.0559	0.03	72	120	0.788	0.916	6	-555.397	1425.17756164384	1117.98578082192
815	1	1314.465	1321.873	1315.53	NA	NA	NA	NA	300	300	1	1	2	-655.233	1616.54708108108	1313.50654054054
815	2	1223.116	1237.931	1225.245	0.902	0	0	0	150	150	0.972	0.974	4	-607.558	1525.32008163265	1220.21804081633
815	3	1227.1	1249.323	1230.295	0.859	0.9223	0.924	1	0	151	0	0.976	6	-607.55	1529.48356164384	1222.29178082192
833	1	1307.438	1314.846	1308.503	NA	NA	NA	NA	300	300	1	1	2	-651.719	1609.51908108108	1306.47854054054
833	2	1217.396	1232.211	1219.526	0.896	0	0	0	149	151	0.966	0.978	4	-604.698	1519.60008163265	1214.49804081633
833	3	1219.186	1241.409	1222.381	0.717	0.403	0.4336	0.6667	50	144	0.574	0.972	6	-603.593	1521.56956164384	1214.37778082192
850	1	1332.101	1339.509	1333.166	NA	NA	NA	NA	300	300	1	1	2	-664.051	1634.18308108108	1331.14254054054
850	2	1249.19	1264.005	1251.319	0.885	0	0	0	150	150	0.965	0.972	4	-620.595	1551.39408163265	1246.29204081633
850	3	1252.1	1274.323	1255.295	0.701	0.5514	0.5788	1	39	143	0.448	0.969	6	-620.05	1554.48356164384	1247.29178082192
852	1	1338.885	1346.292	1339.95	NA	NA	NA	NA	300	300	1	1	2	-667.442	1640.96508108108	1337.92454054054
852	2	1230.064	1244.879	1232.193	0.917	0	0	0	149	151	0.975	0.977	4	-611.032	1532.26808163265	1227.16604081633
852	3	1230.389	1252.611	1233.583	0.725	0.3926	0.422	0.2353	76	147	0.72	0.982	6	-609.194	1532.77156164384	1225.57978082192
870	1	1319.077	1326.484	1320.142	NA	NA	NA	NA	300	300	1	1	2	-657.538	1621.15708108108	1318.11654054054
870	2	1226.963	1241.778	1229.092	0.904	0	0	0	148	152	0.972	0.975	4	-609.481	1529.16608163265	1224.06404081633
870	3	1230.822	1253.045	1234.017	0.788	0.7895	0.7986	1	0	152	0	0.978	6	-609.411	1533.20556164384	1226.01378082192
890	1	1309.742	1317.15	1310.807	NA	NA	NA	NA	300	300	1	1	2	-652.871	1611.82308108108	1308.78254054054
890	2	1243.363	1258.178	1245.493	0.877	0	0	0	139	161	0.965	0.972	4	-617.682	1545.56808163265	1240.46604081633
890	3	1247.032	1269.255	1250.226	0.832	0.646	0.6584	1	2	161	0.105	0.976	6	-617.516	1549.41556164384	1242.22378082192
906	1	110.234	113.611	107.353	NA	NA	NA	NA	40	40	1	1	2	-53.117	152.900666666667	109.567333333333
906	2	114.04	120.796	108.279	0.339	0.9026	0.9125	1	14	26	0.689	0.845	4	-53.02	157.804705882353	111.922352941176
906	3	118.012	128.145	109.369	0.457	0.8332	0.8358	1	1	20	0.274	0.776	6	-53.006	163.512	114.762
908	1	101.637	105.015	98.757	NA	NA	NA	NA	40	40	1	1	2	-48.819	144.304666666667	100.971333333333
908	2	104.528	111.283	98.766	0.871	0.2373	0.2658	0.5	1	39	0.461	0.997	4	-48.264	148.292705882353	102.410352941176
908	3	105.799	115.933	97.157	0.756	0.4868	0.5398	0.375	1	20	0.675	0.916	6	-46.9	151.3	102.55
926	1	100.223	103.601	97.342	NA	NA	NA	NA	40	40	1	1	2	-48.111	142.888666666667	99.5553333333333
926	2	100.086	106.841	94.324	0.76	0.29	0.3364	0.2	12	28	0.881	0.962	4	-46.043	143.850705882353	97.9683529411765
926	3	102.625	112.758	93.982	0.861	0.3095	0.3387	0.6	1	27	0.707	0.972	6	-45.312	148.124	99.374
938	1	103.678	107.056	100.797	NA	NA	NA	NA	40	40	1	1	2	-49.839	146.344666666667	103.011333333333
938	2	106.095	112.851	100.334	0.636	0.5905	0.6316	0.5	14	26	0.868	0.915	4	-49.048	149.860705882353	103.978352941176
938	3	108.4	118.534	99.758	0.819	0.3551	0.3866	1	2	24	0.696	0.958	6	-48.2	153.9	105.15
953	1	91.618	94.996	88.737	NA	NA	NA	NA	40	40	1	1	2	-43.809	134.284666666667	90.9513333333333
953	2	92.156	98.911	86.394	0.705	0.2147	0.2624	0.2083	17	23	0.89	0.939	4	-42.078	135.920705882353	90.0383529411765
953	3	95.898	106.031	87.256	0.698	0.6625	0.6802	1	2	21	0.451	0.934	6	-41.949	141.398	92.648
971	1	97.726	101.104	94.845	NA	NA	NA	NA	40	40	1	1	2	-46.863	140.392666666667	97.0593333333333
971	2	95.897	102.652	90.135	0.787	0.066	0.091	0.087	10	30	0.875	0.963	4	-43.948	139.660705882353	93.7783529411765
971	3	99.439	109.572	90.797	0.682	0.8693	0.8831	1	8	21	0.733	0.931	6	-43.719	144.938	96.188
1002	1	156.871	160.248	153.99	NA	NA	NA	NA	40	40	1	1	2	-76.435	199.536666666667	156.203333333333
1002	2	143.418	150.174	137.657	0.921	0.001	0.0022	0	19	21	0.966	0.981	4	-67.709	187.182705882353	141.300352941176
1002	3	146.551	156.685	137.909	0.815	0.6479	0.6757	1	4	19	0.537	0.976	6	-67.276	192.052	143.302
1004	1	142.698	146.076	139.817	NA	NA	NA	NA	40	40	1	1	2	-69.349	185.364666666667	142.031333333333
1004	2	141.535	148.29	135.773	0.758	0.1241	0.1636	0.2	19	21	0.928	0.934	4	-66.767	185.298705882353	139.416352941176
1004	3	143.715	153.848	135.072	0.771	0.4853	0.528	0.4286	9	16	0.834	0.959	6	-65.857	189.214	140.464
1024	1	151.52	154.898	148.639	NA	NA	NA	NA	40	40	1	1	2	-73.76	194.186666666667	150.853333333333
1024	2	129.781	136.537	124.02	0.974	0	1e-04	0	20	20	0.987	0.999	4	-60.891	173.546705882353	127.664352941176
1024	3	132.917	143.05	124.274	0.795	0.7454	0.7678	1	10	19	0.817	0.983	6	-60.458	178.416	129.666
1026	1	159.65	163.028	156.769	NA	NA	NA	NA	40	40	1	1	2	-77.825	202.316666666667	158.983333333333
1026	2	153.466	160.222	147.705	0.899	0.083	0.1076	0	20	20	0.958	0.99	4	-72.733	197.230705882353	151.348352941176
1026	3	150.975	161.108	142.333	0.903	0.0486	0.0665	0.0404	5	18	0.889	0.968	6	-69.488	196.476	147.726
1067	1	151.514	154.892	148.633	NA	NA	NA	NA	40	40	1	1	2	-73.757	194.180666666667	150.847333333333
1067	2	144.015	150.771	138.254	0.896	0.0421	0.0597	0	20	20	0.962	0.975	4	-68.008	187.780705882353	141.898352941176
1067	3	145.894	156.027	137.252	0.89	0.1898	0.2228	0.4286	2	19	0.709	0.973	6	-66.947	191.394	142.644
1087	1	153.203	156.581	150.322	NA	NA	NA	NA	40	40	1	1	2	-74.601	195.868666666667	152.535333333333
1087	2	147.893	154.648	142.131	0.861	0.0391	0.0573	0.0128	18	22	0.959	0.969	4	-69.946	191.656705882353	145.774352941176
1087	3	148.855	158.988	140.213	0.845	0.2242	0.264	0.2	6	17	0.836	0.974	6	-68.428	194.356	145.606
1125	1	176.688	180.065	173.807	NA	NA	NA	NA	40	40	1	1	2	-86.344	219.354666666667	176.021333333333
1125	2	143.135	149.891	137.374	1	0	0	0	20	20	1	1	4	-67.568	186.900705882353	141.018352941176
1125	3	146.847	156.98	138.204	0.764	0.8294	0.8402	1	9	20	0.703	1	6	-67.423	192.346	143.596
1129	1	181.684	185.062	178.803	NA	NA	NA	NA	40	40	1	1	2	-88.842	224.350666666667	181.017333333333
1129	2	136.19	142.945	130.428	1	0	0	0	20	20	1	1	4	-64.095	179.954705882353	134.072352941176
1129	3	136.889	147.022	128.246	0.839	0.2549	0.2957	0.1111	10	20	0.833	1	6	-62.444	182.388	133.638
1153	1	180.928	184.305	178.047	NA	NA	NA	NA	40	40	1	1	2	-88.464	223.594666666667	180.261333333333
1153	2	148.888	155.643	143.126	0.963	0.0073	0.0119	0	20	20	0.981	1	4	-70.444	192.652705882353	146.770352941176
1153	3	140.539	150.672	131.897	0.977	9e-04	0.0018	0	3	20	0.889	1	6	-64.27	186.04	137.29
1171	1	174.744	178.122	171.863	NA	NA	NA	NA	40	40	1	1	2	-85.372	217.410666666667	174.077333333333
1171	2	138.656	145.412	132.895	0.999	0	0	0	20	20	1	1	4	-65.328	182.420705882353	136.538352941176
1171	3	139.729	149.862	131.087	0.892	0.404	0.4389	0.3333	8	20	0.907	1	6	-63.865	185.23	136.48
1184	1	176.477	179.855	173.597	NA	NA	NA	NA	40	40	1	1	2	-86.239	219.144666666667	175.811333333333
1184	2	134.427	141.183	128.666	1	9e-04	0.0019	0	20	20	1	1	4	-63.214	178.192705882353	132.310352941176
1184	3	131.526	141.659	122.884	0.956	0.0244	0.0366	0	3	20	0.866	1	6	-59.763	177.026	128.276
1203	1	251.658	256.868	250.551	NA	NA	NA	NA	100	100	1	1	2	-123.829	353.908	250.783
1203	2	254.707	265.128	252.495	0.419	0.8408	0.8547	0.6667	44	56	0.759	0.869	4	-123.354	357.34629787234	252.02714893617
1203	3	253.882	269.513	250.563	0.757	0.0811	0.1039	0.2667	1	57	0.869	0.961	6	-120.941	357.099391304348	249.490695652174
1223	1	274.031	279.241	272.925	NA	NA	NA	NA	100	100	1	1	2	-135.015	376.28	273.155
1223	2	274.856	285.277	272.644	0.636	0.2683	0.2994	0.2667	18	82	0.676	0.957	4	-133.428	377.49429787234	272.17514893617
1223	3	276.449	292.08	273.131	0.765	0.161	0.1862	0.3333	4	76	0.559	0.951	6	-132.225	379.667391304348	272.058695652174
1237	1	272.507	277.717	271.401	NA	NA	NA	NA	100	100	1	1	2	-134.253	374.756	271.631
1237	2	274.924	285.345	272.712	0.449	0.4395	0.4807	0.6667	35	65	0.729	0.884	4	-133.462	377.56229787234	272.24314893617
1237	3	278.396	294.027	275.077	0.55	0.854	0.8705	1	21	49	0.78	0.79	6	-133.198	381.613391304348	274.004695652174
1245	1	255.448	260.658	254.342	NA	NA	NA	NA	100	100	1	1	2	-125.724	357.698	254.573
1245	2	258.8	269.22	256.587	0.678	0.4962	0.521	1	4	96	0.292	0.988	4	-125.4	361.43829787234	256.11914893617
1245	3	261.949	277.58	258.63	0.635	0.6548	0.6793	1	8	82	0.451	0.946	6	-124.974	365.165391304348	257.556695652174
1257	1	250.133	255.343	249.027	NA	NA	NA	NA	100	100	1	1	2	-123.066	352.382	249.257
1257	2	253.495	263.916	251.283	0.365	0.7632	0.7854	1	38	62	0.715	0.846	4	-122.748	356.13429787234	250.81514893617
1257	3	256.759	272.39	253.441	0.559	0.7612	0.7727	0.6667	11	65	0.541	0.88	6	-122.38	359.977391304348	252.368695652174
1259	1	251.697	256.907	250.59	NA	NA	NA	NA	100	100	1	1	2	-123.848	353.946	250.821
1259	2	246.511	256.932	244.299	0.72	0.0069	0.0114	0.0303	31	69	0.89	0.935	4	-119.256	349.15029787234	243.83114893617
1259	3	249.494	265.125	246.176	0.607	0.6571	0.6896	0.6667	23	45	0.771	0.865	6	-118.747	352.711391304348	245.102695652174
1291	1	273.064	278.274	271.957	NA	NA	NA	NA	100	100	1	1	2	-134.532	375.314	272.189
1291	2	268.187	278.608	265.975	0.782	0.0023	0.004	0.03	17	83	0.804	0.982	4	-130.094	370.82629787234	265.50714893617
1291	3	257.484	273.115	254.165	0.859	0.005	0.0085	0	16	52	0.907	0.969	6	-122.742	360.701391304348	253.092695652174
1319	1	367.116	372.326	366.01	NA	NA	NA	NA	100	100	1	1	2	-181.558	469.366	366.241
1319	2	350.963	361.383	348.75	0.865	0.0331	0.0438	0	48	52	0.959	0.976	4	-171.481	453.60029787234	348.28114893617
1319	3	344.353	359.984	341.035	0.909	0.0032	0.0054	0	6	48	0.833	0.989	6	-166.177	447.571391304348	339.962695652174
1349	1	377.129	382.34	376.023	NA	NA	NA	NA	100	100	1	1	2	-186.565	479.38	376.255
1349	2	351.8	362.221	349.588	0.869	1e-04	2e-04	0	47	53	0.953	0.965	4	-171.9	454.43829787234	349.11914893617
1349	3	351.753	367.384	348.434	0.799	0.286	0.3179	0.1224	23	46	0.805	0.96	6	-169.876	454.969391304348	347.360695652174
1365	1	366.307	371.518	365.201	NA	NA	NA	NA	100	100	1	1	2	-181.154	468.558	365.433
1365	2	341.268	351.689	339.056	0.896	0.0015	0.0026	0	46	54	0.971	0.975	4	-166.634	443.90629787234	338.58714893617
1365	3	340.943	356.574	337.624	0.879	0.1745	0.2012	0.0882	5	50	0.639	0.978	6	-164.471	444.159391304348	336.550695652174
1393	1	355.826	361.036	354.72	NA	NA	NA	NA	100	100	1	1	2	-175.913	458.076	354.951
1393	2	336.592	347.013	334.38	0.845	0	1e-04	0	44	56	0.948	0.962	4	-164.296	439.23029787234	333.91114893617
1393	3	337.463	353.094	334.144	0.737	0.2761	0.313	0.3333	23	39	0.762	0.951	6	-162.731	440.679391304348	333.070695652174
1410	1	434.919	440.129	433.813	NA	NA	NA	NA	100	100	1	1	2	-215.459	537.168	434.043
1410	2	358.315	368.736	356.103	0.987	0	0	0	50	50	0.99	1	4	-175.158	460.95429787234	355.63514893617
1410	3	361.182	376.813	357.863	0.954	0.3655	0.3918	0.5	2	49	0.613	0.991	6	-174.591	464.399391304348	356.790695652174
1422	1	422.808	428.019	421.702	NA	NA	NA	NA	100	100	1	1	2	-209.404	525.058	421.933
1422	2	355.202	365.623	352.99	0.974	0	0	0	48	52	0.988	0.997	4	-173.601	457.84029787234	352.52114893617
1422	3	356.085	371.716	352.767	0.865	0.2447	0.2801	0.1923	9	50	0.623	0.993	6	-172.043	459.303391304348	351.694695652174
1442	1	439.367	444.578	438.261	NA	NA	NA	NA	100	100	1	1	2	-217.684	541.618	438.493
1442	2	351.642	362.063	349.43	0.988	0	0	0	49	51	0.994	0.999	4	-171.821	454.28029787234	348.96114893617
1442	3	352.682	368.313	349.363	0.86	0.3199	0.3482	0.1714	9	48	0.651	0.99	6	-170.341	455.899391304348	348.290695652174
1462	1	431.669	436.879	430.563	NA	NA	NA	NA	100	100	1	1	2	-213.835	533.92	430.795
1462	2	343.247	353.668	341.035	0.996	0	0	0	50	50	0.999	1	4	-167.624	445.88629787234	340.56714893617
1462	3	346.292	361.924	342.974	0.926	0.3876	0.4152	0.6	4	50	0.623	1	6	-167.146	449.509391304348	341.900695652174
1464	1	435.197	440.407	434.091	NA	NA	NA	NA	100	100	1	1	2	-215.599	537.448	434.323
1464	2	368.063	378.483	365.85	0.983	0	0	0	50	50	0.993	0.999	4	-180.031	470.70029787234	365.38114893617
1464	3	366.53	382.161	363.211	0.985	0.0288	0.0367	0.05	1	50	0.892	1	6	-177.265	469.747391304348	362.138695652174
1514	1	773.723	781.13	774.787	NA	NA	NA	NA	300	300	1	1	2	-384.861	1075.80308108108	772.76254054054
1514	2	770.574	785.389	772.704	0.829	0.1451	0.165	0	9	291	0.402	0.992	4	-381.287	1072.77808163265	767.676040816326
1514	3	773.286	795.508	776.48	0.615	0.2943	0.3081	1	4	224	0.563	0.913	6	-380.643	1075.66956164384	768.477780821918
1525	1	747.611	755.018	748.675	NA	NA	NA	NA	300	300	1	1	2	-371.805	1049.69108108108	746.650540540541
1525	2	733.672	748.487	735.801	0.754	2e-04	3e-04	0	33	267	0.65	0.984	4	-362.836	1035.87608163265	730.774040816327
1525	3	736.521	758.743	739.715	0.541	0.7459	0.7641	1	33	205	0.536	0.883	6	-362.26	1038.90356164384	731.711780821918
1537	1	780.227	787.635	781.292	NA	NA	NA	NA	300	300	1	1	2	-388.114	1082.30908108108	779.26854054054
1537	2	782.785	797.6	784.915	0.974	0.1938	0.2116	1	1	299	0.41	0.999	4	-387.393	1084.99008163265	779.888040816326
1537	3	781.913	804.136	785.107	0.684	0.3096	0.3501	1	10	195	0.683	0.905	6	-384.956	1084.29556164384	777.103780821918
1539	1	759.535	766.942	760.599	NA	NA	NA	NA	300	300	1	1	2	-377.767	1061.61508108108	758.574540540541
1539	2	760.277	775.092	762.406	0.444	0.1427	0.1656	1	62	238	0.565	0.923	4	-376.138	1062.48008163265	757.378040816326
1539	3	760.045	782.267	763.239	0.632	0.2476	0.2807	0.6667	39	174	0.745	0.874	6	-374.022	1062.42756164384	755.235780821918
1548	1	783.678	791.085	784.743	NA	NA	NA	NA	300	300	1	1	2	-389.839	1085.75908108108	782.718540540541
1548	2	781.235	796.05	783.365	0.762	0.009	0.0125	0	16	284	0.467	0.986	4	-386.618	1083.44008163265	778.338040816326
1548	3	779.759	801.982	782.953	0.664	0.1065	0.1291	0.3636	16	160	0.788	0.865	6	-383.879	1082.14156164384	774.949780821918
1575	1	761.657	769.064	762.722	NA	NA	NA	NA	300	300	1	1	2	-378.828	1063.73708108108	760.69654054054
1575	2	763.388	778.203	765.518	0.391	0.3114	0.3427	1	94	206	0.662	0.885	4	-377.694	1065.59208163265	760.490040816327
1575	3	765.168	787.391	768.362	0.574	0.3475	0.3775	1	33	197	0.539	0.884	6	-376.584	1067.55156164384	760.359780821918
1587	1	761.185	768.593	762.25	NA	NA	NA	NA	300	300	1	1	2	-378.593	1063.26708108108	760.226540540541
1587	2	760.445	775.26	762.574	0.426	0.126	0.1478	1	134	166	0.787	0.834	4	-376.222	1062.64808163265	757.546040816326
1587	3	755.493	777.716	758.688	0.706	0.028	0.0377	0	50	146	0.819	0.908	6	-371.747	1057.87756164384	750.685780821918
1604	1	1114.784	1122.191	1115.848	NA	NA	NA	NA	300	300	1	1	2	-555.392	1416.86508108108	1113.82454054054
1604	2	1004.059	1018.874	1006.189	0.927	0	0	0	143	157	0.971	0.986	4	-498.03	1306.26408163265	1001.16204081633
1604	3	1000.173	1022.395	1003.367	0.921	0.0072	0.0103	0.0206	5	155	0.543	0.98	6	-494.086	1302.55556164384	995.363780821918
1635	1	1108.353	1115.761	1109.418	NA	NA	NA	NA	300	300	1	1	2	-552.177	1410.43508108108	1107.39454054054
1635	2	1007.501	1022.316	1009.63	0.917	0	0	0	140	160	0.977	0.978	4	-499.75	1309.70408163265	1004.60204081633
1635	3	1005.885	1028.108	1009.079	0.785	0.0785	0.0962	0.0698	28	136	0.536	0.978	6	-496.942	1308.26756164384	1001.07578082192
1665	1	1096.183	1103.591	1097.248	NA	NA	NA	NA	300	300	1	1	2	-546.092	1398.26508108108	1095.22454054054
1665	2	991.53	1006.345	993.66	0.924	0	0	0	140	160	0.972	0.99	4	-491.765	1293.73408163265	988.632040816326
1665	3	986.099	1008.321	989.293	0.802	0.298	0.3196	0	30	139	0.574	0.986	6	-487.049	1288.48156164384	981.289780821918
1679	1	1117.127	1124.535	1118.192	NA	NA	NA	NA	300	300	1	1	2	-556.564	1419.20908108108	1116.16854054054
1679	2	1000.065	1014.88	1002.194	0.94	0	0	0	144	156	0.979	0.989	4	-496.032	1302.26808163265	997.166040816326
1679	3	988.782	1011.005	991.976	0.875	1e-04	3e-04	0	23	142	0.681	0.986	6	-488.391	1291.16556164384	983.973780821918
1697	1	1126.666	1134.073	1127.73	NA	NA	NA	NA	300	300	1	1	2	-561.333	1428.74708108108	1125.70654054054
1697	2	1020.972	1035.787	1023.101	0.924	0	0	0	147	153	0.979	0.98	4	-506.486	1323.17608163265	1018.07404081633
1697	3	1014.987	1037.209	1018.181	0.793	0.0036	0.0056	0	47	142	0.711	0.983	6	-501.493	1317.36956164384	1010.17778082192
1707	1	1296.299	1303.706	1297.363	NA	NA	NA	NA	300	300	1	1	2	-646.149	1598.37908108108	1295.33854054054
1707	2	1022.009	1036.824	1024.138	0.995	0	0	0	150	150	0.999	0.999	4	-507.004	1324.21208163265	1019.11004081633
1707	3	1020.137	1042.36	1023.331	0.775	0.1375	0.1589	0.1154	60	150	0.697	1	6	-504.069	1322.52156164384	1015.32978082192
1727	1	1274.211	1281.619	1275.276	NA	NA	NA	NA	300	300	1	1	2	-635.106	1576.29308108108	1273.25254054054
1727	2	1067.779	1082.594	1069.908	0.98	0	0	0	149	151	0.991	1	4	-529.889	1369.98208163265	1064.88004081633
1727	3	1070.966	1093.188	1074.16	0.833	0.4976	0.518	0.6667	8	149	0.22	1	6	-529.483	1373.34956164384	1066.15778082192
1744	1	1286.681	1294.088	1287.745	NA	NA	NA	NA	300	300	1	1	2	-641.34	1588.76108108108	1285.72054054054
1744	2	1069.972	1084.787	1072.101	0.985	0	0	0	148	152	0.996	0.996	4	-530.986	1372.17608163265	1067.07404081633
1744	3	1072.659	1094.882	1075.854	0.892	0.3224	0.3454	0.6	6	148	0.279	0.997	6	-530.33	1375.04356164384	1067.85178082192
1757	1	1286.191	1293.599	1287.256	NA	NA	NA	NA	300	300	1	1	2	-641.096	1588.27308108108	1285.23254054054
1757	2	1052.164	1066.979	1054.293	0.988	0	0	0	149	151	0.997	0.997	4	-522.082	1354.36808163265	1049.26604081633
1757	3	1043.972	1066.195	1047.166	0.904	0.0045	0.0065	0	21	149	0.702	0.999	6	-515.986	1346.35556164384	1039.16378082192
1781	1	1293.69	1301.098	1294.755	NA	NA	NA	NA	300	300	1	1	2	-644.845	1595.77108108108	1292.73054054054
1781	2	1070.628	1085.443	1072.757	0.986	0	0	0	149	151	0.996	0.997	4	-531.314	1372.83208163265	1067.73004081633
1781	3	1066.984	1089.207	1070.178	0.865	0.0291	0.0373	0.08	17	149	0.482	0.998	6	-527.492	1369.36756164384	1062.17578082192
1810	1	130.956	134.334	128.075	NA	NA	NA	NA	40	40	1	1	2	-63.478	173.622666666667	130.289333333333
1810	2	130.483	137.239	124.722	0.755	0.1653	0.2081	0.2	17	23	0.922	0.968	4	-61.242	174.248705882353	128.366352941176
1810	3	132.702	142.835	124.059	0.809	0.3386	0.378	0.5	11	17	0.845	0.996	6	-60.351	178.202	129.452
1824	1	118.478	121.856	115.598	NA	NA	NA	NA	40	40	1	1	2	-57.239	161.144666666667	117.811333333333
1824	2	122.043	128.798	116.281	0.406	0.7345	0.7586	1	9	31	0.565	0.94	4	-57.021	165.806705882353	119.924352941176
1824	3	123.179	133.312	114.537	0.924	0.745	0.7744	0.2857	9	16	0.957	0.997	6	-55.59	168.68	119.93
1826	1	147.145	150.523	144.264	NA	NA	NA	NA	40	40	1	1	2	-71.572	189.810666666667	146.477333333333
1826	2	142.027	148.782	136.265	0.787	0.0266	0.0407	0.0128	17	23	0.834	0.994	4	-67.013	185.790705882353	139.908352941176
1826	3	141.851	151.984	133.208	0.837	0.0525	0.0676	0.2	7	17	0.777	0.993	6	-64.925	187.35	138.6
1852	1	121.327	124.705	118.447	NA	NA	NA	NA	40	40	1	1	2	-58.664	163.994666666667	120.661333333333
1852	2	123.728	130.483	117.966	0.605	0.6146	0.6545	0.5	20	20	0.893	0.918	4	-57.864	167.492705882353	121.610352941176
1852	3	126.023	136.156	117.381	0.803	0.2656	0.2934	1	7	20	0.849	0.993	6	-57.012	171.524	122.774
1865	1	119.846	123.224	116.965	NA	NA	NA	NA	40	40	1	1	2	-57.923	162.512666666667	119.179333333333
1865	2	122.158	128.913	116.396	0.631	0.5237	0.5701	0.5	16	24	0.899	0.921	4	-57.079	165.922705882353	120.040352941176
1865	3	123.66	133.793	115.017	0.905	0.6117	0.6419	0.2083	9	16	0.946	0.999	6	-55.83	169.16	120.41
1877	1	118.478	121.856	115.598	NA	NA	NA	NA	40	40	1	1	2	-57.239	161.144666666667	117.811333333333
1877	2	122.043	128.798	116.281	0.406	0.7345	0.7586	1	9	31	0.565	0.94	4	-57.021	165.806705882353	119.924352941176
1877	3	123.179	133.312	114.537	0.924	0.745	0.7744	0.2857	9	16	0.957	0.997	6	-55.59	168.68	119.93
1896	1	118.478	121.856	115.598	NA	NA	NA	NA	40	40	1	1	2	-57.239	161.144666666667	117.811333333333
1896	2	122.043	128.798	116.281	0.406	0.7345	0.7586	1	9	31	0.565	0.94	4	-57.021	165.806705882353	119.924352941176
1896	3	123.179	133.312	114.537	0.924	0.745	0.7744	0.2857	9	16	0.957	0.997	6	-55.59	168.68	119.93
1908	1	121.667	125.045	118.786	NA	NA	NA	NA	40	40	1	1	2	-58.833	164.332666666667	120.999333333333
1908	2	123.839	130.595	118.078	0.602	0.396	0.4454	0.5	11	29	0.759	0.963	4	-57.92	167.604705882353	121.722352941176
1908	3	125.13	135.264	116.488	0.925	0.7294	0.7577	0.3333	11	16	0.956	0.998	6	-56.565	170.63	121.88
1910	1	139.194	142.571	136.313	NA	NA	NA	NA	40	40	1	1	2	-67.597	181.860666666667	138.527333333333
1910	2	127.532	134.288	121.77	0.91	7e-04	0.0019	0	18	22	0.945	0.999	4	-59.766	171.296705882353	125.414352941176
1910	3	131.279	141.413	122.637	0.846	0.5467	0.58	1	4	18	0.778	0.979	6	-59.64	176.78	128.03
1927	1	147.145	150.523	144.264	NA	NA	NA	NA	40	40	1	1	2	-71.572	189.810666666667	146.477333333333
1927	2	142.027	148.782	136.265	0.787	0.0266	0.0407	0.0128	17	23	0.834	0.994	4	-67.013	185.790705882353	139.908352941176
1927	3	141.851	151.984	133.208	0.837	0.0525	0.0676	0.2	7	17	0.777	0.993	6	-64.925	187.35	138.6
1951	1	125.449	128.826	122.568	NA	NA	NA	NA	40	40	1	1	2	-60.724	168.114666666667	124.781333333333
1951	2	125.33	132.086	119.569	0.774	0.1587	0.1964	0.2	12	28	0.939	0.95	4	-58.665	169.094705882353	123.212352941176
1951	3	125.808	135.941	117.166	0.896	0.6105	0.6479	0.1765	12	15	0.932	1	6	-56.904	171.308	122.558
1971	1	127.056	130.434	124.175	NA	NA	NA	NA	40	40	1	1	2	-61.528	169.722666666667	126.389333333333
1971	2	125.522	132.278	119.761	0.767	0.0636	0.0895	0.1463	10	30	0.82	0.99	4	-58.761	169.286705882353	123.404352941176
1971	3	128.528	138.661	119.885	0.829	0.7022	0.7315	1	9	21	0.859	0.987	6	-58.264	174.028	125.278
1989	1	118.478	121.856	115.598	NA	NA	NA	NA	40	40	1	1	2	-57.239	161.144666666667	117.811333333333
1989	2	122.043	128.798	116.281	0.406	0.7345	0.7586	1	9	31	0.565	0.94	4	-57.021	165.806705882353	119.924352941176
1989	3	123.179	133.312	114.537	0.924	0.745	0.7744	0.2857	9	16	0.957	0.997	6	-55.59	168.68	119.93
2004	1	139.194	142.571	136.313	NA	NA	NA	NA	40	40	1	1	2	-67.597	181.860666666667	138.527333333333
2004	2	127.532	134.288	121.77	0.91	7e-04	0.0019	0	18	22	0.945	0.999	4	-59.766	171.296705882353	125.414352941176
2004	3	131.279	141.413	122.637	0.846	0.5467	0.58	1	4	18	0.778	0.979	6	-59.64	176.78	128.03
2017	1	127.056	130.434	124.175	NA	NA	NA	NA	40	40	1	1	2	-61.528	169.722666666667	126.389333333333
2017	2	125.522	132.278	119.761	0.767	0.0636	0.0895	0.1463	10	30	0.82	0.99	4	-58.761	169.286705882353	123.404352941176
2017	3	128.528	138.661	119.885	0.829	0.7022	0.7315	1	9	21	0.859	0.987	6	-58.264	174.028	125.278
2032	1	147.654	151.032	144.773	NA	NA	NA	NA	40	40	1	1	2	-71.827	190.320666666667	146.987333333333
2032	2	144.964	151.72	139.203	0.719	0.0639	0.0883	0.05	15	25	0.792	0.99	4	-68.482	188.728705882353	142.846352941176
2032	3	140.943	151.076	132.3	0.856	0.0259	0.0362	0.02	9	16	0.806	0.998	6	-64.471	186.442	137.692
2075	1	125.449	128.826	122.568	NA	NA	NA	NA	40	40	1	1	2	-60.724	168.114666666667	124.781333333333
2075	2	125.33	132.086	119.569	0.774	0.1587	0.1964	0.2	12	28	0.939	0.95	4	-58.665	169.094705882353	123.212352941176
2075	3	125.808	135.941	117.166	0.896	0.6105	0.6479	0.1765	12	15	0.932	1	6	-56.904	171.308	122.558
2102	1	252.96	258.17	251.853	NA	NA	NA	NA	100	100	1	1	2	-124.48	355.21	252.085
2102	2	256.637	267.058	254.425	0.858	0.5694	0.5878	1	2	98	0.341	0.991	4	-124.319	359.27629787234	253.95714893617
2102	3	234.548	250.179	231.229	0.992	0.37	0.3984	0	14	48	0.997	1	6	-111.274	337.765391304348	230.156695652174
2114	1	331.297	336.507	330.19	NA	NA	NA	NA	100	100	1	1	2	-163.648	433.546	330.421
2114	2	315.497	325.918	313.285	0.797	1e-04	2e-04	0	39	61	0.82	0.996	4	-153.749	418.13629787234	312.81714893617
2114	3	317.954	333.585	314.636	0.786	0.2184	0.2436	0.6667	17	44	0.791	0.968	6	-152.977	421.171391304348	313.562695652174
2128	1	331.297	336.507	330.19	NA	NA	NA	NA	100	100	1	1	2	-163.648	433.546	330.421
2128	2	315.497	325.918	313.285	0.797	1e-04	2e-04	0	39	61	0.82	0.996	4	-153.749	418.13629787234	312.81714893617
2128	3	317.954	333.585	314.636	0.786	0.2184	0.2436	0.6667	17	44	0.791	0.968	6	-152.977	421.171391304348	313.562695652174
2136	1	298.215	303.425	297.109	NA	NA	NA	NA	100	100	1	1	2	-147.107	400.464	297.339
2136	2	299.973	310.394	297.761	0.471	0.3103	0.3516	0.6667	33	67	0.658	0.957	4	-145.987	402.61229787234	297.29314893617
2136	3	297.318	312.949	294	0.922	0.4873	0.5165	0.0505	33	34	0.955	0.997	6	-142.659	400.535391304348	292.926695652174
2164	1	331.297	336.507	330.19	NA	NA	NA	NA	100	100	1	1	2	-163.648	433.546	330.421
2164	2	315.497	325.918	313.285	0.797	1e-04	2e-04	0	39	61	0.82	0.996	4	-153.749	418.13629787234	312.81714893617
2164	3	317.954	333.585	314.636	0.786	0.2184	0.2436	0.6667	17	44	0.791	0.968	6	-152.977	421.171391304348	313.562695652174
2171	1	354.113	359.324	353.007	NA	NA	NA	NA	100	100	1	1	2	-175.057	456.364	353.239
2171	2	320.085	330.506	317.873	0.905	0	0	0	47	53	0.95	0.998	4	-156.043	422.72429787234	317.40514893617
2171	3	321.922	337.553	318.604	0.843	0.0762	0.0917	0.6667	11	47	0.768	0.99	6	-154.961	425.139391304348	317.530695652174
2180	1	296.735	301.946	295.629	NA	NA	NA	NA	100	100	1	1	2	-146.368	398.986	295.861
2180	2	296.651	307.071	294.438	0.566	0.1269	0.1579	0.2143	30	70	0.717	0.968	4	-144.325	399.28829787234	293.96914893617
2180	3	292.515	308.146	289.196	0.94	0.4588	0.487	0	30	38	0.967	0.998	6	-140.257	395.731391304348	288.122695652174
2196	1	331.297	336.507	330.19	NA	NA	NA	NA	100	100	1	1	2	-163.648	433.546	330.421
2196	2	315.497	325.918	313.285	0.797	1e-04	2e-04	0	39	61	0.82	0.996	4	-153.749	418.13629787234	312.81714893617
2196	3	317.954	333.585	314.636	0.786	0.2184	0.2436	0.6667	17	44	0.791	0.968	6	-152.977	421.171391304348	313.562695652174
2208	1	252.96	258.17	251.853	NA	NA	NA	NA	100	100	1	1	2	-124.48	355.21	252.085
2208	2	256.637	267.058	254.425	0.858	0.5694	0.5878	1	2	98	0.341	0.991	4	-124.319	359.27629787234	253.95714893617
2208	3	234.548	250.179	231.229	0.992	0.37	0.3984	0	14	48	0.997	1	6	-111.274	337.765391304348	230.156695652174
2215	1	297.355	302.565	296.249	NA	NA	NA	NA	100	100	1	1	2	-146.678	399.606	296.481
2215	2	296.966	307.387	294.754	0.599	0.1255	0.1563	0.1333	37	63	0.819	0.953	4	-144.483	399.60429787234	294.28514893617
2215	3	293.594	309.225	290.276	0.932	0.4307	0.4588	0.0404	30	37	0.962	0.999	6	-140.797	396.811391304348	289.202695652174
2252	1	294.32	299.53	293.213	NA	NA	NA	NA	100	100	1	1	2	-145.16	396.57	293.445
2252	2	298.008	308.429	295.796	0.263	0.8012	0.8181	1	31	69	0.569	0.887	4	-145.004	400.64629787234	295.32714893617
2252	3	294.487	310.118	291.169	0.907	0.4555	0.4895	0.0404	28	41	0.946	0.998	6	-141.244	397.705391304348	290.096695652174
2283	1	296.735	301.946	295.629	NA	NA	NA	NA	100	100	1	1	2	-146.368	398.986	295.861
2283	2	296.651	307.071	294.438	0.566	0.1269	0.1579	0.2143	30	70	0.717	0.968	4	-144.325	399.28829787234	293.96914893617
2283	3	292.515	308.146	289.196	0.94	0.4588	0.487	0	30	38	0.967	0.998	6	-140.257	395.731391304348	288.122695652174
2298	1	297.355	302.565	296.249	NA	NA	NA	NA	100	100	1	1	2	-146.678	399.606	296.481
2298	2	296.966	307.387	294.754	0.599	0.1255	0.1563	0.1333	37	63	0.819	0.953	4	-144.483	399.60429787234	294.28514893617
2298	3	293.594	309.225	290.276	0.932	0.4307	0.4588	0.0404	30	37	0.962	0.999	6	-140.797	396.811391304348	289.202695652174
2330	1	331.297	336.507	330.19	NA	NA	NA	NA	100	100	1	1	2	-163.648	433.546	330.421
2330	2	315.497	325.918	313.285	0.797	1e-04	2e-04	0	39	61	0.82	0.996	4	-153.749	418.13629787234	312.81714893617
2330	3	317.954	333.585	314.636	0.786	0.2184	0.2436	0.6667	17	44	0.791	0.968	6	-152.977	421.171391304348	313.562695652174
2333	1	331.297	336.507	330.19	NA	NA	NA	NA	100	100	1	1	2	-163.648	433.546	330.421
2333	2	315.497	325.918	313.285	0.797	1e-04	2e-04	0	39	61	0.82	0.996	4	-153.749	418.13629787234	312.81714893617
2333	3	317.954	333.585	314.636	0.786	0.2184	0.2436	0.6667	17	44	0.791	0.968	6	-152.977	421.171391304348	313.562695652174
2348	1	330.471	335.682	329.365	NA	NA	NA	NA	100	100	1	1	2	-163.236	432.722	329.597
2348	2	326.32	336.74	324.107	0.693	0.0548	0.0722	0.0303	41	59	0.892	0.955	4	-159.16	428.95829787234	323.63914893617
2348	3	320.993	336.624	317.675	0.808	0.0065	0.0099	0.02	29	41	0.817	0.997	6	-154.497	424.211391304348	316.602695652174
2393	1	296.735	301.946	295.629	NA	NA	NA	NA	100	100	1	1	2	-146.368	398.986	295.861
2393	2	296.651	307.071	294.438	0.566	0.1269	0.1579	0.2143	30	70	0.717	0.968	4	-144.325	399.28829787234	293.96914893617
2393	3	292.515	308.146	289.196	0.94	0.4588	0.487	0	30	38	0.967	0.998	6	-140.257	395.731391304348	288.122695652174
2409	1	962.236	969.644	963.301	NA	NA	NA	NA	300	300	1	1	2	-479.118	1264.31708108108	961.276540540541
2409	2	900.135	914.95	902.265	0.815	0	0	0	130	170	0.868	0.996	4	-446.068	1202.34008163265	897.238040816326
2409	3	898.018	920.241	901.212	0.847	0.1707	0.1894	0.051	50	130	0.864	0.984	6	-443.009	1200.40156164384	893.209780821918
2435	1	815.231	822.639	816.296	NA	NA	NA	NA	300	300	1	1	2	-405.616	1117.31308108108	814.27254054054
2435	2	819.047	833.862	821.176	0.176	0.8362	0.847	1	88	212	0.502	0.855	4	-405.523	1121.25008163265	816.148040816327
2435	3	768.937	791.16	772.132	0.98	0.1188	0.1358	0	79	133	0.993	1	6	-378.469	1071.32156164384	764.129780821918
2451	1	856.358	863.766	857.423	NA	NA	NA	NA	300	300	1	1	2	-426.179	1158.43908108108	855.39854054054
2451	2	848.824	863.639	850.953	0.56	0.0026	0.0043	0	96	204	0.733	0.966	4	-420.412	1151.02808163265	845.926040816326
2451	3	807.652	829.875	810.846	0.974	0.1239	0.1407	0	96	103	0.988	0.999	6	-397.826	1110.03556164384	802.843780821918
2470	1	962.236	969.644	963.301	NA	NA	NA	NA	300	300	1	1	2	-479.118	1264.31708108108	961.276540540541
2470	2	900.135	914.95	902.265	0.815	0	0	0	130	170	0.868	0.996	4	-446.068	1202.34008163265	897.238040816326
2470	3	898.018	920.241	901.212	0.847	0.1707	0.1894	0.051	50	130	0.864	0.984	6	-443.009	1200.40156164384	893.209780821918
2509	1	962.236	969.644	963.301	NA	NA	NA	NA	300	300	1	1	2	-479.118	1264.31708108108	961.276540540541
2509	2	900.135	914.95	902.265	0.815	0	0	0	130	170	0.868	0.996	4	-446.068	1202.34008163265	897.238040816326
2509	3	898.018	920.241	901.212	0.847	0.1707	0.1894	0.051	50	130	0.864	0.984	6	-443.009	1200.40156164384	893.209780821918
2538	1	962.236	969.644	963.301	NA	NA	NA	NA	300	300	1	1	2	-479.118	1264.31708108108	961.276540540541
2538	2	900.135	914.95	902.265	0.815	0	0	0	130	170	0.868	0.996	4	-446.068	1202.34008163265	897.238040816326
2538	3	898.018	920.241	901.212	0.847	0.1707	0.1894	0.051	50	130	0.864	0.984	6	-443.009	1200.40156164384	893.209780821918
2574	1	962.236	969.644	963.301	NA	NA	NA	NA	300	300	1	1	2	-479.118	1264.31708108108	961.276540540541
2574	2	900.135	914.95	902.265	0.815	0	0	0	130	170	0.868	0.996	4	-446.068	1202.34008163265	897.238040816326
2574	3	898.018	920.241	901.212	0.847	0.1707	0.1894	0.051	50	130	0.864	0.984	6	-443.009	1200.40156164384	893.209780821918
2595	1	962.236	969.644	963.301	NA	NA	NA	NA	300	300	1	1	2	-479.118	1264.31708108108	961.276540540541
2595	2	900.135	914.95	902.265	0.815	0	0	0	130	170	0.868	0.996	4	-446.068	1202.34008163265	897.238040816326
2595	3	898.018	920.241	901.212	0.847	0.1707	0.1894	0.051	50	130	0.864	0.984	6	-443.009	1200.40156164384	893.209780821918
2625	1	824.362	831.769	825.427	NA	NA	NA	NA	300	300	1	1	2	-410.181	1126.44308108108	823.40254054054
2625	2	823.08	837.895	825.209	0.445	0.0869	0.1053	1	56	244	0.466	0.98	4	-407.54	1125.28408163265	820.182040816327
2625	3	793.229	815.452	796.424	0.961	0.1356	0.1527	0	56	138	0.981	0.999	6	-390.615	1095.61356164384	788.421780821918
2635	1	812.936	820.344	814.001	NA	NA	NA	NA	300	300	1	1	2	-404.468	1115.01708108108	811.976540540541
2635	2	812.835	827.65	814.964	0.539	0.0686	0.0834	1	68	232	0.716	0.904	4	-402.417	1115.03808163265	809.936040816326
2635	3	759.305	781.527	762.499	0.983	0.1174	0.1343	0	68	128	0.994	1	6	-373.652	1061.68756164384	754.495780821918
2646	1	812.936	820.344	814.001	NA	NA	NA	NA	300	300	1	1	2	-404.468	1115.01708108108	811.976540540541
2646	2	812.835	827.65	814.964	0.539	0.0686	0.0834	1	68	232	0.716	0.904	4	-402.417	1115.03808163265	809.936040816326
2646	3	759.305	781.527	762.499	0.983	0.1174	0.1343	0	68	128	0.994	1	6	-373.652	1061.68756164384	754.495780821918
2657	1	812.936	820.344	814.001	NA	NA	NA	NA	300	300	1	1	2	-404.468	1115.01708108108	811.976540540541
2657	2	812.835	827.65	814.964	0.539	0.0686	0.0834	1	68	232	0.716	0.904	4	-402.417	1115.03808163265	809.936040816326
2657	3	759.305	781.527	762.499	0.983	0.1174	0.1343	0	68	128	0.994	1	6	-373.652	1061.68756164384	754.495780821918
2668	1	823.755	831.163	824.82	NA	NA	NA	NA	300	300	1	1	2	-409.877	1125.83508108108	822.794540540541
2668	2	824.178	838.993	826.307	0.562	0.0811	0.0976	1	46	254	0.587	0.936	4	-408.089	1126.38208163265	821.280040816327
2668	3	805.072	827.295	808.266	0.932	0.171	0.1909	0	46	140	0.962	0.998	6	-396.536	1107.45556164384	800.263780821918
2680	1	962.236	969.644	963.301	NA	NA	NA	NA	300	300	1	1	2	-479.118	1264.31708108108	961.276540540541
2680	2	900.135	914.95	902.265	0.815	0	0	0	130	170	0.868	0.996	4	-446.068	1202.34008163265	897.238040816326
2680	3	898.018	920.241	901.212	0.847	0.1707	0.1894	0.051	50	130	0.864	0.984	6	-443.009	1200.40156164384	893.209780821918
